CHR BP SNP CP SP
1 15319838 rs146636456 8.225e-05 0.0004337
1 15351854 rs76419076 1.1e-05 1.81e-06
1 15352674 rs61772183 1.324e-05 2.173e-06
1 15353941 rs12403509 1.186e-05 1.949e-06
1 15355438 rs61772184 9.319e-06 1.559e-06
1 15356565 rs10927634 8.461e-06 1.414e-06
1 21935433 rs861212 1.847e-06 2.947e-07
1 30923786 rs12047343 7.026e-05 0.0003239
1 30924112 rs10915117 6.628e-05 0.0002941
1 30924475 rs11576451 5.17e-05 0.0002963
1 30925006 rs11578136 4.617e-05 0.0002874
1 30926562 rs28660403 8.299e-05 0.000432
1 30926583 rs28654951 2.55e-05 0.0001873
1 30926652 rs28582436 1.702e-05 0.0001389
1 30926706 rs28396547 2.133e-05 0.0001944
1 30927004 rs9660594 2.134e-05 0.0001944
1 30927076 rs9659937 2.131e-05 0.0001944
1 30928125 rs12023267 4.071e-05 0.0002221
1 30928746 rs6426002 5.619e-05 0.0002778
1 30929549 1:30929549:D 2.536e-05 0.0001775
1 30930899 rs6413843 1.936e-05 0.0001602
1 30931250 rs6413844 2.687e-05 0.0001966
1 30931453 rs6671011 1.986e-05 0.0001166
1 30931888 rs2086890 2.941e-05 0.0003617
1 30932378 rs1808111 2.505e-05 0.0001689
1 30933386 rs12023056 1.456e-05 0.0001429
1 30933736 rs6673363 1.579e-05 0.0001616
1 30937073 rs262592 1.116e-05 0.0001669
1 30937552 rs262594 1.616e-05 0.0001657
1 30938457 rs10915122 1.385e-05 0.0001226
1 30939713 rs6426004 1.38e-05 0.0001326
1 30940057 rs6426005 1.379e-05 0.0001326
1 30940695 1:30940695:I 1.006e-05 9.886e-05
1 30940894 rs10915123 1.197e-05 0.00012
1 30941023 rs262602 2.053e-05 0.0001891
1 30942155 rs882900 2.657e-05 0.0001475
1 30942434 rs2020326 1.194e-05 0.00012
1 30942902 rs262606 6.464e-05 0.0006782
1 30943632 rs11581480 7.168e-05 0.0008695
1 30944026 rs10158360 6.292e-05 0.0008532
1 39566766 rs141752713 9.54e-06 2.27e-05
1 45013415 rs272565 8.188e-05 1.374e-05
1 45029144 rs6658981 1.526e-05 5.42e-05
1 45029145 rs6667567 1.538e-05 5.484e-05
1 51957970 rs6668872 3.186e-05 7.101e-05
1 51965688 rs72691892 3.184e-05 7.101e-05
1 55780468 rs115449167 2.632e-05 6.24e-05
1 56247216 rs3122551 9.896e-06 2.67e-05
1 56251045 rs3122553 5.502e-06 2.869e-05
1 56251667 rs3122554 9.902e-06 2.67e-05
1 56263555 rs3122555 1.405e-05 4.688e-05
1 56268561 rs1926910 6.821e-06 3.509e-05
1 56270537 rs3122556 1.457e-05 4.765e-05
1 56280934 rs4357568 2.694e-05 6.026e-05
1 56284015 rs6662329 5.699e-05 5.311e-05
1 56284712 rs4926697 5.688e-05 5.311e-05
1 56284988 rs4244649 5.678e-05 5.311e-05
1 56285327 rs4503390 5.677e-05 5.311e-05
1 56287506 rs4512692 5.678e-05 5.311e-05
1 56289932 rs4558016 3.939e-05 2.674e-05
1 56290349 rs7549387 7.588e-05 5.92e-05
1 56291165 rs4634948 4.962e-05 4.062e-05
1 56291878 rs4379710 4.962e-05 4.062e-05
1 56291907 rs4333889 4.958e-05 4.062e-05
1 56292430 rs4369267 4.952e-05 4.062e-05
1 56292438 rs4384273 4.946e-05 4.062e-05
1 56296339 rs75987270 6.255e-05 6.381e-05
1 56296433 rs4927270 6.249e-05 6.381e-05
1 67689036 rs7528924 2.289e-06 6.711e-07
1 67691665 rs4655692 2.293e-06 6.711e-07
1 68027727 rs7514473 7.69e-05 5.518e-05
1 69902493 rs1926265 9.755e-05 2.115e-05
1 69906307 rs12085918 4.415e-05 1.636e-05
1 69907892 rs9782895 2.835e-05 1.146e-05
1 69909594 rs72932328 8.362e-05 1.636e-05
1 69910877 rs10157852 2.838e-05 1.146e-05
1 69911688 rs144246002 8.353e-05 1.636e-05
1 69912809 rs6424484 8.354e-05 1.636e-05
1 77012251 rs315063 7.082e-05 1.188e-05
1 92950515 rs79160953 3.487e-05 0.0001801
1 92971313 rs35846792 3.011e-05 0.0001801
1 92981239 rs17371561 4.113e-05 0.0001945
1 93025762 rs75911573 7.116e-05 0.0002511
1 93045977 rs17380378 6.185e-05 0.0002306
1 106658898 rs496109 3.441e-05 0.0005284
1 166304410 rs10494458 6.11e-05 1.019e-05
1 167885465 1:167885465:D 5.808e-05 0.0001547
1 167971978 1:167971978:I 1.519e-05 2.147e-05
1 167972023 rs202248 7.274e-05 0.0001864
1 167991082 rs202263 5.394e-05 0.0001542
1 176993411 rs760691 1.534e-05 2.529e-06
1 176998307 rs12041859 3.945e-05 6.544e-06
1 183972399 rs6424920 8.996e-05 8.787e-05
1 183972513 1:183972513:I 7.359e-05 8.766e-05
1 184388655 rs72735674 9.497e-05 1.599e-05
1 201430683 rs4915523 1.802e-05 2.948e-06
1 205464866 rs57369765 1.823e-05 0.0001318
1 217052869 rs2818811 4.14e-05 0.0003499
1 217053815 rs2576261 4.564e-05 0.0003343
1 218939300 rs9431473 6.967e-05 0.0002122
1 218940659 rs9431476 6.208e-05 0.0001133
1 218945222 rs10495103 9.06e-05 1.516e-05
1 218945237 rs10495104 9.055e-05 1.516e-05
1 218945829 rs6692396 7.845e-05 1.316e-05
1 218946662 rs12754789 9.04e-05 1.516e-05
1 218948840 rs17048595 9.022e-05 1.516e-05
1 218950165 1:218950165:I 2.812e-05 4.616e-06
1 218950614 rs12738518 9.02e-05 1.516e-05
1 218950696 rs11581543 9.04e-05 1.516e-05
1 218950976 rs2378012 9.032e-05 1.516e-05
1 218951464 rs2378013 9.029e-05 1.516e-05
1 218951963 rs2378014 9.016e-05 1.516e-05
1 218953166 rs35562780 9.025e-05 1.516e-05
1 218954232 1:218954232:D 5.491e-05 9.079e-06
1 218955678 rs12736488 8.933e-05 1.495e-05
1 218957094 rs11118150 9.029e-05 1.516e-05
1 218957737 1:218957737:D 7.955e-05 1.332e-05
1 218957738 1:218957738:D 7.945e-05 1.332e-05
1 218963620 rs12741665 8.481e-05 1.422e-05
1 219042817 rs617696 8.649e-06 1.449e-06
1 227636066 rs903687 8.917e-05 8.733e-05
1 227637782 rs60333974 1.494e-05 1.05e-05
1 227642119 rs10495275 8.97e-05 1.948e-05
1 227643762 rs7539715 8.976e-05 1.948e-05
1 227646040 rs2201570 9.491e-05 1.892e-05
1 227646335 rs113348091 9.486e-05 1.892e-05
1 227651434 rs4653839 9.466e-05 1.892e-05
1 227661932 rs146545453 9.815e-05 1.858e-05
1 227663623 rs116331130 5.389e-05 1.281e-05
1 227664731 1:227664731:D 7.212e-05 1.614e-05
1 227667736 rs16847875 8.373e-05 1.632e-05
1 229087278 rs142914913 4.757e-05 0.0001099
1 229091091 rs778374 5.231e-05 0.0001185
1 229093925 rs12745292 5.663e-05 0.0001159
1 229098407 rs7551389 6.093e-05 7.983e-05
1 230554992 rs58692151 7.776e-05 3.617e-05
1 230556593 rs11122512 9.645e-05 4.088e-05
1 231000239 rs76940784 2.168e-05 2.55e-05
1 232475583 rs28477791 8.529e-05 1.429e-05
1 232475667 rs28776792 9.432e-05 1.582e-05
1 236769634 rs139913430 1.817e-05 0.0002994
1 244533404 rs2126342 4.553e-05 7.563e-06
1 246003407 rs10802281 5.199e-05 0.0001552
1 246005877 rs9728262 1.393e-05 3.108e-05
1 246017172 rs4654136 3.996e-05 3.174e-05
1 246017761 rs4654138 3.991e-05 3.174e-05
1 246017892 1:246017892:I 9.661e-05 3.355e-05
1 246018463 rs9661824 8.699e-05 5.409e-05
1 246020162 rs9726694 3.888e-05 4.645e-05
1 246022159 rs2185369 4.086e-05 2.512e-05
1 246035705 1:246035705:D 7.508e-05 2.741e-05
2 2023576 2:2023576:I 7.043e-05 1.181e-05
2 2566954 rs7578663 7.804e-05 6.12e-05
2 8610811 rs16866710 8.244e-05 5.722e-05
2 28374419 rs187126206 9.629e-05 3.3e-05
2 32529416 rs12470495 8.981e-05 8.799e-05
2 33335847 rs218226 9.516e-06 1.588e-06
2 33337134 rs118207 4.88e-06 8.108e-07
2 34044718 rs13026674 6.36e-05 1.066e-05
2 35742024 rs13001316 1.725e-05 0.000221
2 35841797 rs13427457 9.676e-05 1.677e-05
2 35843285 2:35843285:D 2.554e-05 0.0001342
2 35844737 rs7584032 2.279e-05 9.016e-05
2 35846558 2:35846558:I 2.353e-05 9.619e-05
2 35846592 rs8179660 1.323e-05 6.038e-05
2 35847250 rs6730912 1.023e-05 4.68e-05
2 35848309 rs1347943 1.63e-05 6.758e-05
2 35848903 rs13011599 2.053e-05 8.667e-05
2 35849376 2:35849376:I 1.026e-05 0.000122
2 35849684 rs7562096 2.22e-05 8.71e-05
2 35851223 2:35851223:I 1.525e-05 0.0002954
2 35851406 rs11124451 3.217e-05 0.0004182
2 37825706 rs4416195 5.685e-05 2.342e-05
2 37826710 rs2373195 9.678e-05 3.544e-05
2 37827218 rs4670741 5.201e-05 4.363e-05
2 37827519 rs874427 4.338e-05 5.054e-05
2 40552448 rs741286 6.048e-05 1.005e-05
2 44233033 rs4641989 4.801e-05 0.0001287
2 44234851 rs6721185 3.495e-05 0.0001131
2 46511404 rs11125065 8.44e-05 1.418e-05
2 46511849 rs1466019 7.159e-05 1.204e-05
2 46511976 rs1000532 8.884e-05 1.485e-05
2 46512314 rs12624269 5.883e-05 9.701e-06
2 49752589 rs4971621 3.666e-05 0.0003207
2 50203413 rs62134598 2.882e-05 4.709e-06
2 50210764 rs79147405 3.173e-05 5.287e-06
2 50216143 rs17439837 3.176e-05 5.287e-06
2 50222626 rs17492991 3.199e-05 5.325e-06
2 50232325 rs1369296 5.935e-05 9.802e-06
2 51055716 rs112164034 7.847e-05 0.0002272
2 51099043 rs12476120 3.809e-05 0.0002518
2 51108711 rs6419621 5.331e-05 0.0001867
2 54620459 rs7605902 5.617e-05 0.0008463
2 54620866 rs11125534 4.653e-05 0.0001703
2 54632995 rs4439997 1.49e-05 0.0004702
2 54692772 2:54692772:D 8.09e-05 1.358e-05
2 54694151 rs4233950 4.096e-05 6.819e-06
2 54696729 rs4671940 7.387e-05 1.236e-05
2 54700653 2:54700653:D 1.467e-05 2.428e-06
2 54703114 rs72618661 1.933e-05 3.183e-06
2 54703979 rs6718276 3.438e-05 5.717e-06
2 54704203 rs12477221 3.614e-05 5.997e-06
2 54705007 rs74351288 4.735e-05 7.829e-06
2 54707020 rs7599380 8.605e-05 1.442e-05
2 54707562 rs6754429 8.608e-05 1.442e-05
2 54707690 rs72618662 6.685e-05 1.119e-05
2 54714553 rs17039554 7.062e-05 1.187e-05
2 54717168 rs4561702 9.446e-05 1.584e-05
2 54717713 rs17045917 9.926e-05 1.664e-05
2 54718805 rs4671943 9.435e-05 1.584e-05
2 54722297 2:54722297:D 9.437e-05 1.584e-05
2 54722301 2:54722301:D 9.746e-05 1.64e-05
2 121271649 rs4849900 4.709e-05 0.0004729
2 121273968 rs6711242 6.608e-05 0.0007877
2 121276640 rs11883586 9.767e-05 0.0004584
2 121977438 rs17006183 6.901e-05 1.155e-05
2 125553155 rs314726 6.014e-05 0.0003927
2 131677950 rs62178869 5.137e-05 8.462e-06
2 131680696 rs62178870 5.142e-05 8.462e-06
2 131693188 rs62178894 1.678e-05 2.763e-06
2 131693391 rs62178895 1.683e-05 2.763e-06
2 131708267 rs180959818 1.683e-05 2.763e-06
2 131710727 rs62178899 1.682e-05 2.763e-06
2 131715993 rs62178903 1.682e-05 2.763e-06
2 131718790 rs62178904 1.686e-05 2.763e-06
2 131726547 rs77435414 1.691e-05 2.763e-06
2 131726967 rs138283919 1.693e-05 2.763e-06
2 131727357 rs62178905 1.688e-05 2.763e-06
2 131727503 rs62178906 1.689e-05 2.763e-06
2 131727831 rs62178907 6.016e-06 9.899e-07
2 131728803 rs6738499 6.013e-06 9.899e-07
2 131729449 rs7591135 6.014e-06 9.899e-07
2 131729499 rs7582685 6.005e-06 9.899e-07
2 131730290 2:131730290:D 5.99e-06 9.899e-07
2 131730879 rs114205611 5.968e-06 9.899e-07
2 131731822 rs62178925 5.973e-06 9.899e-07
2 131732631 2:131732631:I 3.913e-06 6.495e-07
2 131734796 rs181922914 7.908e-06 1.32e-06
2 131736261 rs62178927 8.46e-06 1.415e-06
2 131739469 rs80032446 2.002e-05 3.331e-06
2 131743605 2:131743605:D 2.95e-05 4.825e-06
2 131744895 rs62178929 2.953e-05 4.825e-06
2 131746813 rs62178935 2.949e-05 4.825e-06
2 131750279 rs62178936 3.163e-05 5.273e-06
2 144202591 rs72853738 5.029e-05 2.132e-05
2 149874894 rs77135677 3.428e-05 3.93e-05
2 153177521 rs62175033 7.433e-05 0.0008662
2 177597137 rs1398970 4.93e-05 4.383e-05
2 177603719 rs12693099 3.001e-05 3.958e-05
2 180518155 rs1877941 7.111e-05 1.194e-05
2 180664172 rs13014793 7.028e-05 7.649e-05
2 180664719 rs7608363 9.277e-05 0.0001113
2 180665105 rs357709 9.274e-05 0.0001113
2 181069414 rs113134291 1.206e-05 0.0005642
2 183281973 rs76687383 7.251e-05 0.0003607
2 241835786 rs10169870 6.797e-05 1.137e-05
2 241840555 rs35760630 9.219e-05 1.546e-05
2 241976615 2:241976615:D 7.439e-05 0.0004005
2 241978017 rs34932433 5.868e-05 0.0002645
2 241978192 rs2108486 6.521e-05 0.0002645
2 241980861 rs6713441 7.402e-05 0.000557
2 241982709 rs34350103 9.052e-05 0.0006221
2 241983078 rs13029873 9.049e-05 0.0006221
2 241983534 rs35796965 9.058e-05 0.0006221
2 241986030 rs6723732 9.068e-05 0.0006221
2 241987554 rs7590504 7.519e-05 0.0005924
2 242006756 rs79881797 8.453e-05 6.574e-05
3 8819661 rs237923 1.199e-05 6.716e-05
3 8820732 rs75775 2.962e-05 0.0001219
3 8820828 rs237924 2.965e-05 0.0001219
3 10446960 rs929708 4.4e-05 8.322e-06
3 10454880 rs11708983 8.897e-05 3.746e-05
3 10457572 rs11719939 8.52e-05 3.264e-05
3 10457857 rs6763274 6.74e-05 3.152e-05
3 11174784 rs61164157 2.829e-05 4.631e-06
3 17304712 rs2470349 5.276e-05 2.128e-05
3 17343995 rs283939 1.325e-05 3.33e-06
3 17357820 rs283926 3.202e-05 5.992e-06
3 17415705 rs17273020 2.028e-05 3.829e-06
3 17464862 rs13317478 8.522e-06 1.751e-06
3 18043457 rs192789631 3.716e-05 6.218e-06
3 25142502 rs73044582 2.119e-05 3.518e-06
3 29606334 rs3773084 6.863e-05 0.0006024
3 29606845 rs34293619 6.862e-05 0.0006024
3 30600406 rs11708521 4.537e-05 3.54e-05
3 30600453 rs6773725 6.181e-05 4.159e-05
3 30600828 rs1565185 6.188e-05 4.159e-05
3 30601281 rs7618385 6.602e-05 4.216e-05
3 30601368 rs7628763 7.423e-05 4.791e-05
3 30602088 rs35541777 3.24e-05 2.97e-05
3 30602207 rs6774973 5.686e-05 3.858e-05
3 30602630 rs2116138 5.689e-05 3.858e-05
3 30602693 3:30602693:I 5.682e-05 3.858e-05
3 30602895 rs61010705 5.682e-05 3.858e-05
3 30605829 rs12152224 9.59e-05 4.626e-05
3 31953283 rs7613480 7.578e-05 0.0002668
3 31963611 rs4444748 1.905e-05 7.201e-06
3 32063722 rs4955125 5.81e-05 2.201e-05
3 43247753 rs9864154 6.123e-05 0.0005249
3 43248880 rs9869837 1.223e-05 0.0001356
3 43834149 rs60583872 4.526e-05 3.941e-05
3 61569753 rs1320172 6.087e-05 1.742e-05
3 61575592 rs67459165 4.283e-05 3.432e-05
3 61578326 3:61578326:I 4.836e-06 5.343e-06
3 61578327 rs10866049 1.678e-05 1.326e-05
3 61584133 rs4688638 3.431e-05 1.371e-05
3 61603901 rs11130849 8.13e-06 2.586e-05
3 61605914 rs13324996 1.425e-05 3.752e-05
3 61606361 rs9311824 1.455e-05 4.27e-05
3 61608425 rs7638359 1.255e-05 2.589e-05
3 61620896 rs4688645 2.692e-05 2.569e-05
3 67854335 rs6783207 3.431e-05 0.0003052
3 67854846 rs6548776 8.813e-05 0.0001766
3 86089645 rs142240336 6.218e-05 1.043e-05
3 138997688 rs9866054 2.16e-05 0.0002043
3 139000458 rs12695694 1.862e-05 0.0003171
3 139004920 rs10212419 8.381e-05 0.0005618
3 139006664 rs6802174 8.484e-05 0.0005125
3 158286152 rs7613824 2.003e-05 3.324e-06
3 158287184 rs73154344 2.759e-05 4.556e-06
3 158291599 3:158291599:D 7.947e-05 1.333e-05
3 158292558 rs62287934 2.152e-05 3.561e-06
3 158292983 rs959654 4.658e-05 7.729e-06
3 158294366 rs7622451 9.585e-05 1.615e-05
3 158296844 rs12496662 8.328e-05 1.395e-05
3 158297075 3:158297075:I 4.752e-05 7.864e-06
3 158299555 rs6441208 9.637e-05 1.621e-05
3 158300970 3:158300970:D 5.275e-05 8.666e-06
3 158300973 3:158300973:I 4.464e-05 7.394e-06
3 158303577 rs6787486 3.869e-05 6.454e-06
3 158303909 rs6774829 3.659e-05 6.115e-06
3 158310483 rs6780477 5.494e-05 9.088e-06
3 158313003 rs1435643 4.757e-05 7.864e-06
3 158314188 rs6804230 8.823e-05 1.473e-05
3 158314810 rs45471897 4.75e-05 7.864e-06
3 158314846 rs55999561 4.749e-05 7.864e-06
3 158320703 rs77911695 3.055e-05 5.059e-06
3 158320880 rs2304408 7.949e-05 1.337e-05
3 158322431 rs7612520 2.187e-05 3.617e-06
3 158322485 rs7647356 3.044e-05 5.059e-06
3 158323665 rs7628293 3.424e-05 5.695e-06
3 158324847 rs56242377 7.952e-05 1.337e-05
3 158328491 rs56148431 6.118e-05 1.022e-05
3 158329241 rs6776225 1.626e-05 2.681e-06
3 158330585 rs17630086 1.807e-05 2.97e-06
3 158331067 rs62289788 1.802e-05 2.97e-06
3 158331136 rs7612250 1.801e-05 2.97e-06
3 158331321 3:158331321:D 2.069e-05 3.448e-06
3 158332053 rs10154980 9.926e-05 1.665e-05
3 158332223 rs62289789 1.807e-05 2.97e-06
3 158332517 rs62289790 6.115e-05 1.022e-05
3 158334421 rs62289791 1.708e-05 2.791e-06
3 158335409 rs7624771 6.115e-05 1.022e-05
3 158335519 rs62289792 2.287e-05 3.783e-06
3 158336068 3:158336068:I 1.757e-05 8.497e-06
3 158337565 rs9857678 2.524e-05 4.187e-06
3 158338641 rs12636691 1.468e-05 2.43e-06
3 158339609 rs62286610 2.522e-05 4.187e-06
3 158339695 3:158339695:I 2.785e-05 4.589e-06
3 158339702 3:158339702:D 9.015e-06 1.512e-06
3 158339723 rs56089505 2.527e-05 4.187e-06
3 158340281 rs6771341 2.968e-05 4.851e-06
3 158341216 rs56410505 2.962e-05 4.851e-06
3 158341635 rs6784019 2.958e-05 4.851e-06
3 158342036 rs6797225 2.952e-05 4.851e-06
3 158342349 rs6808527 2.524e-05 4.187e-06
3 158342486 rs55643438 2.951e-05 4.851e-06
3 158342639 3:158342639:D 2.955e-05 4.876e-06
3 158343067 rs62286615 2.951e-05 4.851e-06
3 158343069 rs62286616 2.944e-05 4.851e-06
3 158343610 rs1845140 2.943e-05 4.851e-06
3 158343833 rs1845139 2.945e-05 4.851e-06
3 158343907 rs1845138 2.949e-05 4.851e-06
3 158344417 rs2885862 2.955e-05 4.851e-06
3 158344430 rs62286618 2.677e-05 4.439e-06
3 158345912 rs55875763 2.95e-05 4.851e-06
3 158360353 rs62286650 6.097e-05 1.004e-05
3 158360592 rs6776901 6.098e-05 1.004e-05
3 158360944 rs6777231 6.098e-05 1.004e-05
3 158362391 rs28372852 6.089e-05 1.004e-05
3 158364333 rs56075263 6.078e-05 1.004e-05
3 158367837 rs56167308 6.07e-05 1.004e-05
3 158368597 rs62286654 6.065e-05 1.004e-05
3 158369789 rs56362855 5.49e-05 9.088e-06
3 158370875 rs55666734 6.062e-05 1.004e-05
3 158376354 rs17697458 6.054e-05 1.004e-05
3 158378284 rs62288301 8.368e-05 1.407e-05
3 158389860 rs17630607 7.248e-05 1.218e-05
3 158395677 rs62288303 7.796e-05 1.309e-05
3 158398010 rs7633713 7.234e-05 1.218e-05
3 158401032 rs56089835 7.224e-05 1.218e-05
3 158401554 rs17630980 7.227e-05 1.218e-05
3 158402015 rs62288305 7.222e-05 1.218e-05
3 158403318 rs62288306 6.856e-05 1.148e-05
3 158403372 rs62288307 7.232e-05 1.218e-05
3 158405618 rs60942689 7.237e-05 1.218e-05
3 158405873 rs17698494 7.238e-05 1.218e-05
3 158407186 rs62288344 7.247e-05 1.218e-05
3 158407231 rs62288345 7.251e-05 1.218e-05
3 158409707 3:158409707:D 9.061e-05 1.522e-05
3 158411704 rs17698754 7.255e-05 1.218e-05
3 158412039 3:158412039:D 8.902e-05 1.488e-05
3 158415840 rs3867391 8.716e-05 1.456e-05
3 158419789 rs17699103 9.037e-05 1.518e-05
3 158420369 rs7610009 8.716e-05 1.456e-05
3 158424561 rs17699324 8.72e-05 1.456e-05
3 158470321 rs6441225 2.462e-05 5.143e-05
3 164579685 rs78377970 1.283e-05 2.106e-06
3 165717608 rs1839310 4.422e-05 7.339e-06
3 166130658 rs62294925 4.721e-05 0.0001104
3 166140804 rs56329530 4.721e-05 0.0001104
3 166529957 rs7428595 6.493e-05 3.04e-05
3 166532076 rs4129369 2.359e-05 4.636e-05
3 166533427 rs9290297 4.487e-05 2.15e-05
3 166533882 rs11712507 3.62e-05 7.365e-05
3 166533979 rs11712538 3.617e-05 7.365e-05
3 166534097 3:166534097:I 9.796e-06 5.988e-05
3 166535042 rs6803902 2.555e-05 5.587e-05
3 166536048 rs9862699 3.223e-05 7.39e-05
3 166536075 rs9862464 2.971e-05 6.852e-05
3 166537994 rs28451209 3.769e-05 0.0001122
3 166538318 rs6772629 4.449e-05 0.000108
3 166538324 rs6787835 4.451e-05 0.000108
3 166538495 rs6796651 4.453e-05 0.000108
3 166539040 rs6788483 4.455e-05 0.000108
3 166539197 rs9823210 7.657e-05 0.0004416
3 166539863 rs9827930 3.119e-05 9.492e-05
3 166539948 3:166539948:I 4.447e-05 0.000108
3 166540488 rs6779741 5.652e-05 0.0001324
3 166541341 rs6798317 4.872e-05 0.0001882
3 174198543 rs73172527 1.406e-05 2.393e-06
3 193872302 rs13326991 3.393e-05 5.645e-06
3 193873729 rs78665210 3.061e-05 5.118e-06
3 193875909 rs4380361 4.434e-05 7.346e-06
4 1513991 rs7673556 5.512e-05 1.495e-05
4 1517442 rs62287787 8.762e-05 3.079e-05
4 1517826 rs55888705 8.756e-05 3.079e-05
4 1518999 rs55657163 8.441e-05 3.192e-05
4 1521100 rs35277452 8.447e-05 3.192e-05
4 5941735 rs35850781 3.492e-05 4.551e-05
4 15376647 rs13113022 8.765e-05 2.991e-05
4 15389470 rs6845382 8.359e-05 6.177e-05
4 15393560 rs765747 9.324e-05 7.258e-05
4 15507032 rs1154578 6.199e-05 1.042e-05
4 15512540 rs2250472 9.245e-05 1.55e-05
4 17508518 rs149426709 3.378e-05 8.826e-05
4 17508888 rs143778782 3.369e-05 8.826e-05
4 17509992 rs183741559 3.371e-05 8.826e-05
4 20274271 rs144469813 7.222e-05 0.0002131
4 39460797 rs2687959 8.132e-06 8.111e-05
4 47505048 rs115225153 5.257e-05 8.657e-06
4 58239085 rs6853593 7.559e-05 1.268e-05
4 68671410 rs9312189 6.452e-05 1.083e-05
4 68672416 rs6552116 7.857e-05 1.319e-05
4 68676255 rs6552118 7.532e-05 1.259e-05
4 68679942 rs4533820 5.995e-05 9.908e-06
4 68681527 rs13120056 6.569e-05 1.1e-05
4 68682838 rs13150976 7.062e-05 1.185e-05
4 68684057 rs10428422 7.051e-05 1.185e-05
4 68690277 rs9985776 6.03e-05 9.938e-06
4 68694085 rs12715789 6.037e-05 9.938e-06
4 68694286 rs1595933 6.026e-05 9.938e-06
4 68699980 4:68699980:I 9.478e-05 1.596e-05
4 68700247 4:68700247:I 9.148e-05 1.534e-05
4 68700248 4:68700248:I 9.158e-05 1.534e-05
4 88807556 rs6826125 4.114e-05 0.0002302
4 88808471 rs6833088 4.622e-05 0.0002547
4 88810932 rs2086020 4.488e-05 0.0002008
4 88843186 rs146970867 8.113e-05 2.378e-05
4 88843210 rs142205777 8.94e-05 2.43e-05
4 88843477 rs142270075 7.762e-05 2.125e-05
4 88843716 rs144430754 7.282e-05 2.859e-05
4 88844130 rs151143406 8.478e-05 3.339e-05
4 112862819 rs7672481 8.667e-05 6.483e-05
4 125293076 rs554416 9.695e-05 1.632e-05
4 126288363 rs72675308 2.224e-05 3.677e-06
4 126302988 rs13435740 1.868e-05 3.071e-06
4 126306946 rs72675316 2.231e-05 3.677e-06
4 126307617 rs2016343 1.866e-05 3.071e-06
4 126309330 rs7688616 2.229e-05 3.677e-06
4 126313727 rs1396695 2.134e-05 3.531e-06
4 126314267 4:126314267:I 2.134e-05 3.531e-06
4 126317445 rs6816784 1.874e-05 3.071e-06
4 126318368 rs7666354 2.134e-05 3.531e-06
4 126325698 rs17009611 2.131e-05 3.531e-06
4 126330365 rs17009615 2.228e-05 3.677e-06
4 126338363 rs17009625 2.274e-05 3.804e-06
4 126360772 rs12643623 1.96e-05 3.243e-06
4 126382177 rs12644250 1.956e-05 3.227e-06
4 126390454 rs10004588 1.956e-05 3.227e-06
4 126391436 rs13141482 1.949e-05 3.227e-06
4 126391861 rs28872781 1.949e-05 3.227e-06
4 126395595 4:126395595:D 3.108e-05 5.183e-06
4 126396313 rs2062996 3.121e-05 5.183e-06
4 126398987 rs28463660 3.121e-05 5.183e-06
4 126400596 rs71585415 3.115e-05 5.183e-06
4 126401082 rs17009769 3.116e-05 5.183e-06
4 126412891 rs1014867 3.118e-05 5.183e-06
4 126416497 rs17009867 3.114e-05 5.183e-06
4 126417218 4:126417218:I 3.108e-05 5.183e-06
4 126417219 rs28540837 3.109e-05 5.183e-06
4 126836827 rs188198892 1.807e-05 9.633e-06
4 139225134 4:139225134:D 2.899e-05 4.729e-06
4 161552761 rs72701017 4.183e-06 3.003e-05
4 161566184 rs72701036 4.997e-05 3.736e-05
4 161597785 rs148576681 5.724e-05 0.000126
4 167280522 rs7679878 9.807e-05 0.0002326
4 181620085 rs72701550 1.024e-05 0.000478
5 39210026 rs260085 3.732e-05 0.0001316
5 39211189 rs696746 4.281e-05 0.0001691
5 39249907 rs391230 9.918e-05 5.742e-05
5 39249909 rs391228 9.915e-05 5.742e-05
5 39250235 rs7704780 9.913e-05 5.742e-05
5 39250441 rs7726449 9.911e-05 5.742e-05
5 39250499 rs4957164 9.928e-05 5.742e-05
5 39251880 rs261742 6.985e-05 4.739e-05
5 39252812 5:39252812:I 9.679e-05 5.856e-05
5 39253011 rs7720405 9.663e-05 5.856e-05
5 39253022 rs7700754 9.652e-05 5.856e-05
5 39253160 rs7720690 9.641e-05 5.856e-05
5 39253164 rs7700789 9.645e-05 5.856e-05
5 39253922 rs13357312 8.222e-05 5.005e-05
5 40011585 rs7447994 2.97e-05 2.543e-05
5 40013263 rs10473161 4.046e-05 4.256e-05
5 40013377 rs10473162 3.291e-05 2.727e-05
5 40013976 rs1506184 1.583e-05 7.724e-06
5 40015266 rs34909890 3.911e-05 2.737e-05
5 40022278 rs1605202 2.966e-05 2.543e-05
5 40022755 rs6451467 2.959e-05 2.543e-05
5 40023792 rs34669472 2.966e-05 2.543e-05
5 40027452 rs2371505 5.043e-05 5.031e-05
5 61288777 rs115261906 7.915e-05 0.0006156
5 112578386 rs115008780 1.774e-05 2.902e-06
5 112578400 rs116695809 1.773e-05 2.902e-06
5 112627015 rs144486025 3.081e-05 5.142e-06
5 112814622 rs115363813 9.953e-05 1.671e-05
5 112816046 rs115074416 9.948e-05 1.671e-05
5 112836837 rs114392468 7.394e-05 1.238e-05
5 112878912 rs114732129 7.395e-05 1.238e-05
5 112940821 rs114494116 8.368e-05 1.407e-05
5 115003139 5:115003139:I 6.603e-05 1.105e-05
5 115003143 5:115003143:I 6.987e-05 1.171e-05
5 116260141 rs115470006 6.683e-05 1.12e-05
5 116267171 rs115486340 1.655e-05 3.516e-06
5 116267186 rs114428082 1.655e-05 3.516e-06
5 116269977 rs114117292 6.677e-05 1.12e-05
5 116275577 rs78008264 8.343e-05 1.404e-05
5 116276191 rs73782974 3.795e-05 2.547e-05
5 116278404 5:116278404:I 6.674e-05 1.12e-05
5 116282297 rs116535805 6.285e-05 1.054e-05
5 116287270 rs116138351 1.772e-05 2.886e-06
5 116292633 rs181779113 7.373e-06 1.236e-06
5 116293528 rs73782982 1.497e-05 2.466e-06
5 116294395 rs151054340 8.915e-06 1.485e-06
5 116295191 rs80021277 8.928e-06 1.485e-06
5 116297429 rs141056563 8.878e-06 1.485e-06
5 116297660 rs149278884 8.882e-06 1.485e-06
5 116299365 rs115957335 8.87e-06 1.485e-06
5 116299398 rs114358038 8.884e-06 1.485e-06
5 116299930 rs77919551 8.91e-06 1.485e-06
5 116300087 rs114426687 8.95e-06 1.485e-06
5 116300921 rs75183563 8.945e-06 1.485e-06
5 116301784 rs74625662 8.941e-06 1.485e-06
5 116302053 rs139690985 8.901e-06 1.485e-06
5 116302233 rs114053474 8.848e-06 1.485e-06
5 116302411 rs78488148 8.85e-06 1.485e-06
5 116302613 rs77795288 8.856e-06 1.485e-06
5 116302969 rs79515866 8.859e-06 1.485e-06
5 116303180 rs115177379 8.853e-06 1.485e-06
5 116303326 rs114217750 8.846e-06 1.485e-06
5 116304679 rs116383132 8.818e-06 1.485e-06
5 116306153 rs73782990 8.824e-06 1.485e-06
5 116308428 rs114081930 8.828e-06 1.485e-06
5 116308933 rs147575114 8.787e-06 1.485e-06
5 116310342 rs1350577 8.792e-06 1.485e-06
5 116318715 rs150517900 8.796e-06 1.485e-06
5 116321596 5:116321596:D 8.796e-06 1.485e-06
5 116321951 rs146279698 8.785e-06 1.485e-06
5 116322104 rs57780571 8.79e-06 1.485e-06
5 116323817 rs189072761 8.747e-06 1.485e-06
5 116324562 rs186259085 4.566e-05 1.228e-05
5 116324904 rs73268804 4.03e-05 1.104e-05
5 116324978 rs73782997 8.795e-06 1.485e-06
5 116329351 rs74559786 8.807e-06 1.485e-06
5 116329999 rs73782999 8.866e-06 1.485e-06
5 116332102 rs144923072 8.878e-06 1.485e-06
5 116338450 rs58275123 3.048e-05 5.082e-06
5 116339051 rs116233054 6.446e-06 1.074e-06
5 116339651 rs79208419 6.451e-06 1.074e-06
5 116341428 rs73786405 6.761e-06 1.131e-06
5 116341967 rs145655644 8.862e-06 1.485e-06
5 116343212 rs113888344 2.004e-05 3.334e-06
5 116348477 rs116024919 6.444e-06 1.074e-06
5 116351373 rs114566458 6.445e-06 1.074e-06
5 116359390 rs111973833 1.984e-05 3.284e-06
5 116362937 rs116476701 3.56e-05 5.904e-06
5 116363765 rs76038877 2.896e-05 4.73e-06
5 116364948 rs191002033 2.892e-05 4.73e-06
5 116365801 rs80141215 2.89e-05 4.73e-06
5 116367693 rs146125217 9.523e-06 1.591e-06
5 116368150 rs138842731 9.524e-06 1.591e-06
5 117479854 5:117479854:D 9.371e-05 0.0006707
5 117485680 rs11958683 9.018e-05 0.0004819
5 117490273 rs3925524 8.503e-05 0.0004649
5 117493567 rs12152882 8.512e-05 0.0004649
5 117493646 rs12153698 9.953e-05 0.0005025
5 117493771 rs6874537 7.524e-05 0.000361
5 117494690 rs1479205 9.706e-05 0.0005496
5 117496393 rs1471477 8.76e-05 0.0003471
5 117496686 5:117496686:D 6.585e-05 0.0004019
5 117497113 rs2900118 5.703e-05 0.00038
5 117497158 rs17351729 5.703e-05 0.00038
5 117497193 rs17351757 5.707e-05 0.00038
5 117497221 rs17351785 6.127e-05 0.0004157
5 121269783 rs75603017 8.784e-05 9.549e-05
5 121321055 rs17416859 7.782e-05 9.549e-05
5 155809052 rs7715464 5.329e-05 7.422e-05
5 159754914 5:159754914:D 6.768e-05 1.133e-05
5 159754915 5:159754915:D 5.822e-05 9.596e-06
5 167767241 rs9313408 3.517e-05 5.854e-06
5 173987628 rs17063726 8.23e-06 1.377e-06
6 396321 rs12203592 3.643e-31 5.202e-25
6 475489 rs12210050 3.013e-08 1.206e-06
6 2715682 rs17291546 2.906e-05 2.27e-05
6 2835831 rs2293772 6.38e-05 1.071e-05
6 2836266 rs385955 8.104e-05 1.362e-05
6 4107379 rs646385 6.043e-05 1.005e-05
6 4960734 rs391245 5.502e-05 0.0006648
6 6790989 6:6790989:D 7.659e-05 0.0002239
6 16287211 rs55759663 2.808e-05 1.807e-05
6 19805361 6:19805361:D 7.527e-05 1.26e-05
6 22787601 rs114620505 4.243e-05 0.0006581
6 50071899 rs116371157 1.707e-05 1.862e-05
6 52830861 rs560788 5.338e-05 3.579e-05
6 52834000 rs615060 2.668e-06 1.223e-06
6 52834917 rs375872 1.755e-05 2.459e-05
6 52835572 rs384505 2.125e-05 3.816e-05
6 52835895 rs492146 1.014e-05 1.851e-05
6 52836756 rs693733 1.055e-05 1.933e-05
6 52837090 rs400804 1.055e-05 1.933e-05
6 52837640 rs380646 1.188e-05 2.171e-05
6 52837985 rs419833 1.187e-05 2.171e-05
6 52838158 rs449690 1.189e-05 2.171e-05
6 52839185 rs428957 1.19e-05 2.171e-05
6 52839888 rs426169 1.189e-05 2.171e-05
6 52840254 rs387853 1.19e-05 2.171e-05
6 52840937 rs385636 2.531e-05 3.702e-05
6 52841526 6:52841526:D 2.526e-05 3.702e-05
6 52841995 rs419129 2.524e-05 3.702e-05
6 52842107 rs79986015 2.724e-05 4.115e-05
6 52842781 rs405729 2.525e-05 3.702e-05
6 52843477 rs375887 2.527e-05 3.702e-05
6 52845393 rs492825 2.527e-05 3.702e-05
6 52846372 rs316139 2.528e-05 3.702e-05
6 52846680 rs316137 2.534e-05 3.702e-05
6 52846769 rs316136 2.538e-05 3.702e-05
6 52846777 rs316135 2.541e-05 3.702e-05
6 52849146 rs316128 2.419e-05 3.358e-05
6 65999394 rs16885967 9.415e-05 1.581e-05
6 74889850 rs148744624 8.513e-05 1.426e-05
6 93376967 rs6913450 7.987e-05 1.343e-05
6 135053984 rs4323325 3.806e-05 0.0003871
6 135056267 rs12207975 3.543e-05 0.0003871
6 135061864 6:135061864:D 9.63e-05 0.0004256
6 135062047 rs2327533 9.792e-05 0.0007513
6 135063372 rs9321472 9.785e-05 0.0007513
6 135063540 rs9385699 9.789e-05 0.0007513
6 135063873 rs6922476 9.798e-05 0.0007513
6 135065139 rs9494047 9.802e-05 0.0007513
6 135065856 rs9402640 9.802e-05 0.0007513
6 135067355 rs4895420 7.583e-05 0.0007124
6 135067367 rs4896092 7.589e-05 0.0007124
6 135069013 rs6920853 2.072e-05 0.0001373
6 135069065 rs6920880 9.799e-05 0.0007513
6 135072641 rs112913370 9.787e-05 0.0007513
6 135073695 rs12197802 9.657e-05 0.0008369
6 135074029 rs1570062 9.657e-05 0.0008369
6 135074688 rs1543461 7.849e-05 0.0007268
6 135077214 6:135077214:D 2.005e-05 0.0003226
6 135077222 6:135077222:D 2.122e-05 0.0001953
6 135077240 rs9402643 9.648e-05 0.0008369
6 135189536 rs148120277 3.473e-05 0.0002417
6 135472780 rs145494704 7.852e-05 0.0002737
6 139743084 rs9399277 7.18e-06 1.203e-06
6 139743807 rs887779 7.453e-05 1.248e-05
6 139745652 rs17068623 6.543e-06 1.089e-06
6 139745825 rs17068627 4.532e-06 7.494e-07
6 139748190 rs12203368 2.493e-06 3.956e-07
6 139749131 rs3010315 5.964e-05 9.855e-06
6 139750110 rs9389681 8.587e-05 1.44e-05
6 151438160 rs117319115 9.313e-05 5.367e-05
6 151438997 rs78600909 9.315e-05 5.367e-05
6 151440900 rs117651333 7.744e-05 3.713e-05
6 151448205 rs140737875 7.746e-05 3.713e-05
6 151449197 rs118052749 7.763e-05 3.713e-05
6 151453913 rs117882731 7.751e-05 3.713e-05
6 151458390 rs10046386 5.551e-05 2.163e-05
6 151458914 rs117048855 3.444e-05 9.339e-06
6 151459517 rs117138411 9.561e-05 4.551e-05
6 151460384 rs117796203 6.625e-05 3.174e-05
6 151731228 rs13207677 2.012e-06 2.249e-06
6 151735882 rs12528441 6.052e-06 9.31e-06
6 151744062 rs3800270 3.562e-06 6.783e-06
6 151756337 rs78936765 1.913e-06 7.793e-06
6 151771116 rs139628760 8.919e-06 5.808e-05
6 151773164 rs3736175 5.717e-06 1.99e-05
6 151773953 rs118061999 5.111e-06 4.335e-05
6 151774467 rs6557141 5.388e-06 1.993e-05
6 151778442 rs78376808 5.394e-06 1.993e-05
6 151778882 6:151778882:D 9.091e-06 2.773e-05
6 151786521 rs9383571 7.163e-06 2.56e-05
6 157404230 rs148643834 4.021e-05 3.928e-05
6 165055176 rs9365739 7.756e-05 0.0002377
6 165058330 rs9347885 7.748e-05 0.0002377
6 165059966 rs6919146 7.744e-05 0.0002377
7 8855023 rs150940638 6.661e-05 0.0001287
7 8858202 rs76339304 9.298e-05 0.0001314
7 8862789 rs7790299 4.288e-05 0.0002121
7 8863877 rs58912423 3.347e-05 3.772e-05
7 10832577 rs2040797 2.758e-05 1.683e-05
7 10871979 rs6948277 2.879e-05 2.376e-05
7 10882509 rs2215119 3.833e-05 3.965e-05
7 27433771 rs6462013 8.773e-05 0.000218
7 27434187 rs6953463 8.77e-05 0.000218
7 35618414 rs185307827 8.715e-05 1.455e-05
7 36711493 rs11978395 1.269e-05 0.0006392
7 36717826 rs4555998 7.663e-07 0.0001596
7 36721412 rs34207668 9.609e-05 3.644e-05
7 36723328 7:36723328:D 9.004e-05 3.883e-05
7 36725760 rs10237054 3.393e-05 1.864e-05
7 36729324 rs4077337 7.506e-06 0.0006164
7 36729332 rs4077338 6.917e-06 0.000598
7 36729344 rs4077339 7.431e-06 0.0005491
7 36733691 rs12537537 3.628e-05 1.222e-05
7 36741773 7:36741773:D 2.36e-05 1.564e-05
7 36751049 rs10275462 4.104e-05 2.485e-05
7 36751853 rs4723560 7.983e-05 2.191e-05
7 36756674 rs16879477 4.233e-05 1.51e-05
7 36759373 rs7350038 3.835e-05 1.538e-05
7 36759688 rs3935953 3.832e-05 1.538e-05
7 36760058 rs4620192 3.824e-05 1.538e-05
7 36760160 rs4723564 4.095e-05 1.784e-05
7 36760949 rs7349955 3.814e-05 1.538e-05
7 36761743 rs28582358 3.722e-05 1.203e-05
7 54709836 rs615894 5.626e-05 9.315e-06
7 71356574 rs7795444 8.747e-05 0.0002042
7 71356587 rs7811694 8.74e-05 0.0002042
7 71356735 rs7812085 7.121e-05 9.575e-05
7 71413544 rs10279318 2.67e-05 4.43e-06
7 71418458 rs1076303 6.09e-05 3.034e-05
7 71420945 rs7803466 8.342e-05 3.13e-05
7 71421085 rs10259553 3.317e-05 1.744e-05
7 71421506 rs6951255 8.745e-05 3.822e-05
7 71422650 rs6957010 4.801e-05 2.621e-05
7 84430722 rs147433720 8.257e-05 0.0003537
7 84519039 rs117244025 8.084e-05 0.0003537
7 86601576 rs148644457 3.44e-06 5.543e-07
7 101202840 rs12539059 9.224e-05 1.546e-05
7 101206286 rs72615172 8.407e-05 1.413e-05
7 101208493 rs72615173 9.16e-05 1.534e-05
7 101219892 rs2108026 1.542e-05 2.544e-06
7 101224195 rs72603503 3.232e-05 5.601e-06
7 101225467 rs3757466 8.519e-06 1.809e-06
7 101226382 rs72603504 1.927e-05 6.994e-06
7 101234478 rs72603505 3.425e-05 1.042e-05
7 101237206 rs12113459 3.868e-05 8.326e-06
7 101238083 rs4729741 3.867e-05 8.326e-06
7 101239926 rs1468395 3.866e-05 8.326e-06
7 101242009 rs55695409 3.702e-05 7.664e-06
7 105800087 rs34286526 9.875e-05 0.0002132
7 105870265 rs80129816 8.37e-05 0.0001249
7 106634790 rs7777867 8.962e-05 0.0009247
7 112333306 rs145466850 2.514e-05 4.184e-06
7 132014658 rs889943 2.402e-05 4.005e-06
7 142161792 rs361445 8.827e-05 0.0002546
8 1670431 rs2977180 2.96e-05 4.843e-06
8 1670448 rs2972185 4.646e-05 7.723e-06
8 14171795 8:14171795:I 4.999e-05 8.973e-05
8 15356958 rs55766782 1.367e-05 2.236e-06
8 15358298 rs17611658 6.223e-05 1.044e-05
8 15358470 rs17577132 5.78e-05 9.549e-06
8 15358499 rs58764211 6.235e-05 1.046e-05
8 15359838 rs12550443 6.865e-05 1.149e-05
8 15360022 rs12548417 6.861e-05 1.149e-05
8 15660723 8:15660723:D 4.933e-05 0.0005585
8 22067769 rs4242430 1.864e-05 6.537e-05
8 26069624 rs7842074 9.323e-05 3.773e-05
8 33551948 rs80184264 2.701e-05 0.0002961
8 33554467 rs1596288 3.212e-05 0.0005446
8 33557988 rs145997163 3.725e-05 0.0006262
8 57826398 rs7829576 7.907e-05 3.895e-05
8 63008369 rs6990341 4.817e-05 0.0002438
8 63012125 rs4738936 6.199e-05 0.0002607
8 63014589 rs1607130 2.146e-05 0.0005129
8 63014705 rs1607129 2.198e-05 0.0005601
8 63014769 rs1607128 2.204e-05 0.0005601
8 74291960 rs60737537 8.445e-05 1.418e-05
8 74296440 rs11990148 4.81e-05 7.981e-06
8 74297170 rs10957660 9.799e-05 1.644e-05
9 16848790 rs1339552 5.742e-05 0.0004644
9 16876283 rs10810652 1.721e-05 0.0007741
9 16877138 rs10810655 1.719e-05 0.0007741
9 16878493 rs10122763 1.721e-05 0.0007741
9 16881373 rs7040151 1.532e-05 0.0007755
9 16881877 rs12345776 1.433e-05 0.0007786
9 16882916 rs4644350 1.431e-05 0.0007786
9 16884586 rs10810657 6.656e-06 0.0001135
9 16885017 rs12350739 8.57e-06 0.0006805
9 16887366 rs3927680 1.366e-05 0.0005505
9 16894140 rs10962668 1.211e-05 0.0005763
9 16898119 rs10962672 3.145e-06 0.0006659
9 16898793 9:16898793:D 4.345e-06 0.0007161
9 16900695 rs28498684 9.184e-06 0.0005893
9 16900765 rs36116821 9.157e-06 0.0005893
9 16901067 rs62543565 5.949e-05 0.0001344
9 16901228 rs13300853 6.915e-05 0.0005223
9 16913836 rs74664507 4.994e-05 0.0007531
9 26646638 rs12337573 3.615e-05 0.0002714
9 28139630 rs10968352 1.512e-05 9.322e-05
9 28141923 rs4573372 1.656e-05 0.000276
9 28148700 rs1965863 6.309e-05 0.0003087
9 28150112 rs4878746 6.816e-05 0.0002127
9 28157493 rs10968356 6.306e-05 0.0002409
9 28160875 rs10757714 9.096e-05 0.000148
9 28164645 rs2044961 6.096e-05 9.046e-05
9 30385774 9:30385774:D 6.734e-06 1.27e-05
9 30385776 9:30385776:D 4.73e-05 5.618e-05
9 30396962 9:30396962:D 9.224e-05 4.326e-05
9 85248086 rs2095073 4.115e-05 3.634e-05
9 97615673 rs7048078 8.948e-05 0.0003027
9 109534407 rs10978632 9.429e-05 1.586e-05
10 1055868 rs7070545 4.529e-05 9.972e-05
10 1102796 rs35656218 7.143e-05 9.801e-05
10 5608606 rs72781955 7.067e-05 1.187e-05
10 5618017 rs72781962 8.326e-05 1.396e-05
10 5618751 rs72781963 8.304e-05 1.396e-05
10 6042788 rs11817809 6.735e-05 1.128e-05
10 6045619 rs41294649 9.434e-05 1.583e-05
10 6048135 rs764852 9.451e-05 1.583e-05
10 6052644 rs12722609 7.052e-05 1.186e-05
10 8382503 rs2388712 3.532e-05 5.883e-06
10 15239548 rs12770719 5.423e-05 0.0001424
10 15243570 rs17357224 7.864e-05 0.0001309
10 15243762 rs12773653 7.854e-05 0.0001309
10 15244619 rs12778912 7.906e-05 0.0001305
10 15245139 rs11815821 4.869e-05 6.009e-05
10 15250946 rs12761625 9.968e-05 0.0001536
10 15252423 rs35121392 3.134e-05 0.0001234
10 15256194 rs3814165 4.252e-06 2.479e-05
10 15263100 rs6602828 2.167e-05 0.0001093
10 18600263 rs1547168 8.856e-05 2.605e-05
10 24806907 rs11014136 6.587e-05 0.0001271
10 24808500 rs11014138 6.596e-05 0.0001271
10 25787384 rs61846654 7.934e-05 1.335e-05
10 34218093 rs11815649 6.962e-05 1.165e-05
10 49980289 rs75050862 7.453e-05 9.739e-05
10 50002222 rs12570942 6.129e-05 8.254e-05
10 50006425 rs2620899 9.088e-05 8.947e-05
10 50006504 rs2620900 3.81e-05 5.938e-05
10 56033145 10:56033145:D 4.289e-05 7.115e-06
10 56224235 rs72792526 2.871e-05 0.0001006
10 56287689 rs10825347 1.712e-05 0.0002651
10 58610510 rs12784308 6.773e-05 0.0002919
10 58611723 rs67248821 6.781e-05 0.0002919
10 58613598 rs12761730 6.778e-05 0.0002919
10 58613904 rs34870655 6.766e-05 0.0002919
10 58617395 rs72792393 6.778e-05 0.0002919
10 58618085 rs12764751 6.781e-05 0.0002919
10 58618438 rs12765403 6.775e-05 0.0002919
10 58618742 rs12771829 6.774e-05 0.0002919
10 58619671 rs11812540 6.769e-05 0.0002919
10 58620440 rs34702142 6.766e-05 0.0002919
10 58620451 rs12765726 6.762e-05 0.0002919
10 65659657 rs4745827 9.742e-05 1.64e-05
10 65659783 rs4745828 9.759e-05 1.64e-05
10 65659959 rs4745829 9.753e-05 1.64e-05
10 65659976 rs4745830 9.746e-05 1.64e-05
10 65660398 rs7911333 6.118e-05 1.019e-05
10 65660629 rs1916455 9.748e-05 1.64e-05
10 65660926 rs7477355 9.755e-05 1.64e-05
10 65660982 rs7091269 9.77e-05 1.64e-05
10 65661160 rs1916457 4.911e-05 8.123e-06
10 65661790 rs1916458 9.774e-05 1.64e-05
10 65662151 rs1814810 9.763e-05 1.64e-05
10 65664047 rs1916459 9.764e-05 1.64e-05
10 65664066 rs1916460 9.768e-05 1.64e-05
10 65664522 rs6479947 9.444e-05 1.584e-05
10 65665618 rs2091070 9.448e-05 1.584e-05
10 65665890 rs7476202 9.454e-05 1.584e-05
10 65665973 rs10822243 9.452e-05 1.584e-05
10 65666722 rs10995685 9.457e-05 1.584e-05
10 65666941 rs2394011 9.456e-05 1.584e-05
10 65667938 rs1916419 9.466e-05 1.584e-05
10 65667946 rs1916418 9.441e-05 1.584e-05
10 73030016 rs12416505 9.982e-05 1.677e-05
10 73031070 rs10823715 8.791e-05 1.468e-05
10 80096527 rs2894383 6.017e-05 0.0002713
10 80127055 rs2670223 6.519e-05 0.0003717
10 80128924 rs2245581 2.253e-05 0.000896
10 88546622 rs116973648 5.862e-05 0.0004792
10 89956335 rs61855303 8.709e-05 8.076e-05
10 89960407 rs17421823 8.387e-06 3.413e-05
10 89970481 rs61855353 5.639e-05 3.533e-05
10 105508281 rs10883904 5.929e-05 5.335e-05
10 105509114 rs10883905 5.937e-05 5.335e-05
10 105531761 rs2236279 1.027e-05 1.704e-05
10 105532183 rs12411968 7.504e-05 5.953e-05
10 110770300 rs12573040 1.999e-05 1.432e-05
10 110771461 rs17779947 2.305e-05 1.633e-05
10 110828329 rs76346817 6.619e-05 1.985e-05
10 110851693 rs3981905 6.588e-05 2.765e-05
10 110868250 rs17708917 6.419e-05 3.102e-05
10 127860067 rs12777779 2.214e-05 0.0005633
10 129306879 rs11018166 1.484e-05 7.109e-06
10 132677605 rs72839496 2.423e-05 4.043e-06
11 12161625 rs11022193 1.051e-05 6.431e-06
11 19269137 rs6483586 6.845e-05 1.144e-05
11 19271021 rs1604630 8.236e-05 1.381e-05
11 19271150 rs1847241 8.244e-05 1.381e-05
11 19271278 rs1604628 8.249e-05 1.381e-05
11 20754971 rs12282820 9.811e-05 1.908e-05
11 20758013 11:20758013:D 8.774e-05 1.461e-05
11 29254490 rs970719 5.506e-05 9.116e-06
11 29527661 rs1009070 6.658e-05 0.0001651
11 29529081 rs2063476 6.652e-05 0.0001651
11 29529441 rs2063475 6.877e-05 0.0002297
11 29529812 rs77713639 6.88e-05 0.0002297
11 40906878 rs4756623 9.611e-05 0.0001392
11 42893654 rs10837954 3.259e-05 8.651e-06
11 42895489 rs6485374 5.114e-05 1.066e-05
11 42896923 rs10837957 4.906e-05 1.753e-05
11 42900507 rs6485380 3.722e-05 1.143e-05
11 42904090 rs10742655 3.732e-05 1.143e-05
11 42912191 11:42912191:D 3.528e-05 1.196e-05
11 42915322 11:42915322:I 2.053e-05 2.17e-05
11 42915433 rs10837967 3.234e-05 1.044e-05
11 42954601 rs10742658 7.48e-05 1.253e-05
11 43590892 rs11037478 1.944e-05 2.283e-05
11 43728711 rs72908859 1.583e-05 2.61e-06
11 69173046 rs11263524 3.154e-05 0.0003842
11 69173055 rs11263525 3.158e-05 0.0003842
11 69173889 rs4326823 3.156e-05 0.0003842
11 69174022 rs4343053 3.149e-05 0.0003842
11 69924917 rs144393765 8.615e-05 0.0009779
11 70495463 rs146887790 9.007e-05 1.508e-05
11 72430935 rs11600790 6.449e-05 0.0003249
11 77498902 rs2508181 9.242e-05 0.0001161
11 77719462 11:77719462:I 5.806e-05 0.0009991
11 77719464 11:77719464:I 5.805e-05 0.0009991
11 81951251 rs590167 7.282e-05 1.224e-05
11 81961164 rs629856 5.322e-05 8.793e-06
11 81973656 rs603017 3.44e-05 5.722e-06
11 81974076 rs615040 3.661e-05 6.096e-06
11 81974621 rs617670 4.245e-05 7.036e-06
11 81975253 rs630727 7.883e-05 1.322e-05
11 81976867 rs674916 7.886e-05 1.322e-05
11 81983618 rs679930 7.885e-05 1.322e-05
11 81983975 rs670909 7.521e-05 1.26e-05
11 81984959 rs685892 4.088e-05 6.8e-06
11 82019124 rs10792606 8.742e-05 1.458e-05
11 82020950 rs10897957 9.579e-05 1.614e-05
11 82021618 rs17143405 6.367e-05 1.068e-05
11 82039963 11:82039963:D 2.625e-05 4.347e-06
11 85137868 rs190813 7.536e-05 1.264e-05
11 88136599 rs2512319 4.526e-05 0.0001776
11 88137912 rs2508803 4.096e-05 0.0001249
11 88138353 rs2512318 3.769e-05 0.0001877
11 88138400 rs2508802 3.772e-05 0.0001877
11 88138817 rs2452151 3.177e-05 0.0001379
11 88138977 rs2512317 3.77e-05 0.0001877
11 88139060 rs7120867 7.359e-06 1.775e-05
11 88139461 11:88139461:I 3.867e-05 0.0002366
11 88139853 rs2457685 3.768e-05 0.0001877
11 88140114 rs57758870 7.336e-06 1.775e-05
11 88141177 rs2457683 3.097e-05 0.0001612
11 88141635 rs11019742 4.18e-05 0.0002191
11 88141958 rs11019745 4.176e-05 0.0002191
11 88142087 rs55787231 7.635e-06 1.947e-05
11 88142158 rs56060505 7.638e-06 1.947e-05
11 88142709 rs56000409 7.634e-05 3.188e-05
11 88143261 rs12275456 4.171e-05 0.0002191
11 88143843 rs72970452 7.632e-05 3.188e-05
11 88145077 rs10830826 8.097e-05 3.725e-05
11 88145189 rs10830828 2.47e-05 0.0001451
11 88145247 rs10830829 2.473e-05 0.0001451
11 88147969 rs10501666 4.173e-05 0.0002191
11 88150119 rs111296304 4.17e-05 0.0002191
11 88151320 rs72970466 8.447e-05 3.829e-05
11 88151475 rs4753064 4.176e-05 0.0002191
11 88151729 rs72970468 6.314e-05 4.482e-05
11 88152868 rs11019838 7.893e-05 7.303e-05
11 88153796 rs67360559 4.398e-05 0.0002213
11 88155288 rs55939583 6.626e-05 4.728e-05
11 88156999 rs12289942 4.167e-05 0.0001927
11 88157377 rs11019859 5.131e-05 0.0001763
11 88157392 rs72953003 6.628e-05 4.728e-05
11 88159471 rs7116179 4.624e-05 0.0002669
11 88161996 rs7935502 2.589e-05 0.0001752
11 88165473 rs7111511 2.324e-05 0.0001658
11 88165514 rs2136792 8.776e-05 5.733e-05
11 88165661 rs72953019 8.776e-05 5.733e-05
11 88166979 rs57728909 2.322e-05 0.0001658
11 88167606 rs11600428 8.759e-05 5.733e-05
11 88169599 rs72953026 8.752e-05 5.733e-05
11 88358544 rs7481199 1.923e-05 0.0007985
11 88451538 rs35809536 2.598e-05 0.0003116
11 88469683 rs7942230 4.584e-05 0.0003849
11 88470507 rs4753700 3.716e-05 0.0002391
11 88471231 11:88471231:D 3.904e-05 0.0002742
11 88476191 rs58185670 9.758e-05 0.0006536
11 88477337 rs6483415 1.852e-05 0.0004132
11 88477352 rs6483417 1.852e-05 0.0004132
11 88478226 rs12799111 3.328e-05 0.0009487
11 88478354 11:88478354:D 1.123e-06 0.0002064
11 88478359 11:88478359:D 9.605e-09 2.172e-05
11 88486635 rs34096746 1.054e-05 0.0005658
11 88488162 11:88488162:D 2.318e-05 0.0009858
11 88491715 rs1603895 1.085e-05 0.0008411
11 88493530 rs34066725 1.173e-05 0.0006422
11 88494953 rs2201928 9.945e-06 0.0006003
11 88499322 rs12785875 5.216e-05 0.0009974
11 88502524 rs34729934 1.113e-05 0.000621
11 88505054 rs12222022 4.936e-06 0.0003922
11 88510626 rs56273627 4.748e-06 0.0003943
11 88511194 11:88511194:D 1.808e-05 0.0007702
11 88513674 rs11021304 4.747e-06 0.0003943
11 88515738 rs1499189 1.8e-05 0.0007702
11 88519929 rs17182184 4.77e-06 0.0003783
11 88520835 rs11021331 1.799e-05 0.0007702
11 88522743 rs3913310 3.435e-05 0.0008116
11 88529456 rs3862367 5.713e-06 0.0008946
11 88529474 rs3862368 2.019e-05 0.0008216
11 88532011 rs3862370 4.481e-06 0.0002698
11 88532179 rs10501687 3.112e-06 0.0004496
11 88537621 rs35013840 5.351e-06 0.0003804
11 88538574 rs7114857 3.766e-05 0.0003108
11 88543715 rs12787863 4.893e-06 0.0004089
11 88548272 rs12801588 1.9e-05 0.000813
11 88549978 rs11021438 1.896e-05 0.000813
11 88551984 rs12279922 2.119e-05 0.000865
11 88558476 rs2047512 5.804e-06 0.0003691
11 88562910 rs2648640 2.994e-06 0.0003399
11 88563031 rs17184781 4.625e-05 0.0009238
11 88574129 rs12788490 2.228e-06 0.0002193
11 88574223 rs2102027 1.307e-05 0.0004918
11 88574834 rs10831517 1.22e-05 0.000936
11 88574885 rs10831518 1.467e-05 0.0005106
11 88575037 rs643566 1.793e-06 0.0003548
11 88575159 rs634279 1.096e-05 0.0009936
11 88575704 rs1391955 1.532e-05 0.0004907
11 88576545 rs11021566 3.545e-05 0.0009485
11 88577006 rs11021570 7.956e-06 0.0005042
11 88577569 rs66899010 1.845e-06 2.061e-05
11 88578230 rs1603897 1.036e-05 0.0003479
11 88579261 rs11821383 3.993e-05 0.0008164
11 88579631 rs12807540 2.687e-05 0.0008829
11 88580456 rs4753764 2.423e-05 0.0006847
11 88580471 rs7927169 8.683e-06 0.0002503
11 88581339 rs643304 3.934e-05 0.0009114
11 88581998 rs947883 4.331e-05 0.0008924
11 88582608 rs59185944 4.24e-06 0.0002652
11 88583978 rs316087 3.25e-05 0.0008968
11 88584160 rs316086 3.726e-05 0.0008968
11 88584166 rs7939942 5.95e-06 0.0003436
11 88585526 rs7938096 4.109e-05 0.0009221
11 88586756 11:88586756:D 4.035e-05 0.0008445
11 88586850 rs614116 3.293e-05 0.0008979
11 88586880 11:88586880:D 9.543e-05 0.0006018
11 88586881 11:88586881:D 9.909e-05 0.0006018
11 88587231 11:88587231:I 9.16e-06 0.0001779
11 88587808 rs1939093 3.838e-05 0.0008727
11 88588736 rs7938286 4.439e-05 0.0008649
11 88588786 rs645327 4.444e-05 0.0009878
11 88591889 rs982408 3.981e-05 0.0009221
11 88592244 rs7941824 3.817e-05 0.0008302
11 88593289 rs4753765 4.185e-05 0.0008924
11 88594590 rs972938 5.409e-05 0.0009264
11 88595236 rs982709 2.297e-05 0.000433
11 88596450 rs1943777 1.427e-05 0.0001996
11 88596770 rs1943776 2.62e-05 0.0003988
11 88596821 11:88596821:I 4.078e-05 0.0005356
11 88597438 rs10831536 6.101e-06 0.0001242
11 88597440 rs10831537 2.774e-05 0.0003371
11 88598040 rs2221118 5.734e-05 0.0008931
11 88598114 rs2201927 2.321e-05 0.0004437
11 88598444 rs2221119 4.447e-06 0.0004374
11 88598881 11:88598881:I 1.927e-06 7.859e-05
11 88604170 rs316083 2.424e-05 0.0008082
11 88606839 rs1588248 2.241e-05 0.0003824
11 88606887 rs653421 2.295e-05 0.0008163
11 88608787 rs11021644 1.698e-05 0.0008105
11 88614082 rs557803 2.219e-06 0.0001637
11 88614324 rs10160510 6.775e-07 0.0003037
11 88614596 11:88614596:D 2.303e-06 0.0001434
11 88614856 rs633918 1.384e-06 0.000109
11 88616201 rs587303 2.417e-06 0.000166
11 88617856 rs589645 2.499e-06 0.0002046
11 88618106 rs588325 4.593e-08 4.271e-05
11 88618260 rs685438 1.065e-07 8.256e-05
11 88618695 rs607229 7.741e-08 7.978e-05
11 88620462 rs316117 4.081e-07 5.718e-05
11 88623113 rs672981 2.286e-06 0.0003019
11 88623678 11:88623678:D 2.855e-06 0.0004576
11 88624886 rs644251 2.819e-06 0.0003796
11 88627019 rs534256 3.539e-05 0.000823
11 88627204 rs316101 4.095e-07 5.591e-05
11 88627430 rs316100 1.288e-06 0.0001154
11 88628297 rs316097 6.822e-08 7.016e-05
11 88628955 rs316096 3.234e-07 4.278e-05
11 88629072 rs584412 2.303e-07 0.0002573
11 88629659 11:88629659:D 2.822e-06 0.0001453
11 88629741 rs543742 2.748e-06 0.0004421
11 88629801 rs604179 2.052e-07 0.0002569
11 88630395 rs316092 5.787e-08 6.541e-05
11 88630581 rs514641 2.524e-07 0.0001309
11 88631289 rs661706 1.209e-06 0.0002136
11 88631922 rs661177 5.087e-08 5.721e-05
11 88632575 11:88632575:I 5.354e-07 0.0001288
11 88632972 rs594561 1.602e-07 1.252e-05
11 88633985 rs582994 1.913e-08 1.483e-05
11 88633993 rs585473 4.15e-07 0.0001325
11 88634036 rs585423 3.217e-08 4.582e-05
11 88634197 rs504183 1.938e-08 1.17e-05
11 88635135 rs598758 8.242e-07 0.0001677
11 88635823 rs601882 5.629e-08 1.094e-05
11 88636433 rs1508671 2.768e-06 0.0001067
11 88636520 rs660554 7.806e-07 2.643e-05
11 88636910 rs68129285 1.311e-07 9.049e-05
11 88639670 rs488006 3.996e-08 7.406e-06
11 88640415 rs316090 7.921e-07 4.979e-05
11 88640570 rs650222 1.56e-06 0.0001685
11 88640727 rs316089 1.539e-06 2.991e-05
11 88642786 rs316088 1.327e-06 2.697e-05
11 88643077 rs584552 6.263e-06 0.0001608
11 88643964 rs641052 3.076e-06 5.207e-05
11 88644626 rs633204 2.824e-06 5.849e-05
11 88646819 rs634859 3.505e-06 7.483e-05
11 88646974 rs563963 3.856e-06 7.506e-05
11 88648588 rs507187 1.327e-05 0.0002592
11 88648738 11:88648738:D 1.041e-05 0.0004774
11 88649077 rs658708 3.324e-07 9.698e-05
11 88650187 rs643340 2.832e-07 2.573e-05
11 88650460 rs642078 2.808e-07 2.707e-05
11 88650737 rs630573 1.014e-07 2.103e-05
11 88650997 rs629600 1.626e-05 0.0001369
11 88651047 rs640211 8.273e-07 0.0002047
11 88651367 rs664731 2.003e-06 6.223e-05
11 88652346 rs7927616 8.855e-07 0.000193
11 88652506 rs3016248 2.49e-07 2.757e-05
11 88653700 rs12798740 9.368e-07 0.0002425
11 88654192 rs621230 5.645e-07 4.888e-05
11 88654796 11:88654796:I 1.632e-07 6.079e-05
11 88654815 rs573912 4.402e-07 0.000105
11 88655165 rs687767 3.676e-08 3.077e-05
11 88655388 rs686845 1.004e-06 0.0002331
11 88656204 11:88656204:I 1.341e-07 0.0002885
11 88656762 rs647669 4.223e-08 3.534e-05
11 88657026 rs648702 4.098e-08 7.039e-05
11 88657674 rs614868 8.54e-07 5.821e-05
11 88658836 rs528637 1.213e-06 0.0002825
11 88659892 rs584784 5.817e-07 5.378e-05
11 88660220 rs613460 9.117e-07 0.0002141
11 88660413 11:88660413:D 5.808e-07 5.378e-05
11 88661802 rs596370 6.845e-06 0.0002965
11 88662203 rs28438068 1.072e-05 0.0001571
11 88662225 rs1289097 1.771e-05 0.0004073
11 88663066 rs656829 1.072e-05 0.0001571
11 88663199 rs493306 1.191e-06 0.0002577
11 88663389 rs676289 1.538e-05 0.0002915
11 88663652 rs675010 2.132e-05 0.0003369
11 88663856 rs628913 1.074e-05 0.0001571
11 88663976 rs646811 1.774e-05 0.0004073
11 88665692 rs538601 5.266e-07 5.376e-05
11 88667861 rs520836 2.083e-05 0.000397
11 88667925 rs587837 1.003e-05 0.0001574
11 88668219 rs586488 1.561e-05 0.0001847
11 88668517 11:88668517:I 1.483e-05 0.0004787
11 88669352 rs591849 1.402e-05 0.000183
11 88670049 rs4121827 2.836e-06 0.000107
11 88672449 rs573060 4.307e-07 0.0001037
11 88672564 rs633748 4.074e-07 9.762e-05
11 88672976 rs643216 3.637e-07 0.0001213
11 88673032 rs10734177 5.166e-06 8.35e-05
11 88673059 rs621418 4.555e-06 8.267e-05
11 88673182 rs620944 4.55e-06 8.267e-05
11 88673378 rs694416 1.777e-06 5.061e-05
11 88673396 rs1315620 3.988e-06 6.412e-05
11 88674619 11:88674619:D 7.567e-08 2.453e-05
11 88676854 rs655683 5.644e-07 0.0001062
11 88677314 rs557505 2.386e-07 4.843e-05
11 88677349 rs558249 5.261e-08 5.38e-05
11 88677665 rs669480 1.978e-07 9.708e-05
11 88679449 rs602040 2.384e-07 4.843e-05
11 88679798 rs591799 2.012e-07 4.574e-05
11 88681359 rs608783 3.18e-07 8.85e-05
11 88686164 rs561940 2.343e-07 4.599e-05
11 88686594 rs612781 1.931e-07 5.762e-05
11 88686678 rs624913 2.349e-07 6.245e-05
11 88687580 rs598134 2.179e-08 2.478e-05
11 88688233 rs597462 9.942e-07 1.904e-05
11 88688830 rs538955 6.043e-07 1.314e-05
11 88689953 rs674437 4.788e-07 9.931e-06
11 88690156 11:88690156:D 6.919e-07 2.285e-05
11 88690174 rs572735 6.969e-07 2.285e-05
11 88690814 rs546980 4.461e-07 2.795e-05
11 88693073 rs604551 1.436e-05 0.0005642
11 88694072 rs627387 3.589e-07 1.112e-05
11 88694470 rs496939 1.272e-05 0.0004486
11 88694594 rs538945 2.653e-07 3.464e-05
11 88695383 rs651890 1.728e-05 0.0003259
11 88695846 rs1150313 7.262e-07 1.46e-05
11 88695883 rs564567 1.658e-05 0.000345
11 88696538 rs34436454 4.254e-06 0.0001533
11 88697539 11:88697539:I 7.516e-06 9.785e-06
11 88698066 rs516476 5.741e-07 1.056e-05
11 88698680 rs604846 1.947e-07 7.449e-06
11 88700387 11:88700387:D 3.195e-07 1.203e-05
11 88701202 rs677483 6.077e-07 2.273e-05
11 88701329 rs677976 2.771e-07 7.362e-06
11 88703390 rs561512 2.802e-07 2.225e-05
11 88704092 rs567990 1.579e-07 8.201e-06
11 88704918 rs534815 1.371e-07 4.903e-06
11 88705235 rs537635 1.236e-07 6.95e-06
11 88706962 11:88706962:I 5.481e-07 1.611e-05
11 88708828 rs7942972 1.835e-06 0.0001078
11 88712383 rs524874 2.315e-07 4.197e-05
11 88716140 rs513762 9.958e-08 1.693e-05
11 88719052 rs492612 2.004e-07 2.181e-05
11 88719347 rs663903 1.663e-07 7.987e-06
11 88720235 rs648826 1.662e-07 7.987e-06
11 88720486 rs631861 4.15e-07 6.123e-05
11 88720813 rs7478753 1.654e-07 7.987e-06
11 88726033 rs12291184 1.398e-07 6.95e-06
11 88726224 rs12293858 1.384e-07 6.95e-06
11 88726465 rs12270599 1.382e-07 6.95e-06
11 88726515 rs7358491 1.146e-07 2.806e-05
11 88731228 rs10765819 2.589e-07 3.072e-06
11 88732591 rs4517513 8.343e-08 1.026e-05
11 88732956 rs10831546 4.025e-08 3.861e-06
11 88734123 rs10765820 1.322e-07 6.752e-06
11 88734948 rs10765821 1.845e-07 1.802e-05
11 88736164 11:88736164:I 9.052e-08 1.032e-05
11 88739932 rs12283766 9.424e-06 0.0005373
11 88740379 rs7120151 1.611e-06 0.0009936
11 88740608 rs10741298 1.521e-05 0.0006838
11 88740827 rs10765180 1.006e-07 1.831e-05
11 88740896 rs10734119 1.847e-05 0.0006681
11 88741390 rs7127754 4.34e-06 0.0002923
11 88742518 rs10765181 3.753e-06 0.0006672
11 88742578 rs10765182 1.52e-05 0.0006838
11 88743208 rs4753209 5.704e-06 0.0003246
11 88743356 rs4753211 1.625e-05 0.0007087
11 88744035 rs10830199 1.624e-05 0.0007087
11 88744416 rs7929619 1.626e-05 0.0007087
11 88744425 rs7932640 1.628e-05 0.0007087
11 88745439 rs10830200 2.817e-07 2.82e-05
11 88745739 rs10765183 1.339e-05 0.0005892
11 88748686 rs75263137 2.746e-05 0.000943
11 88749072 rs2226563 3.017e-05 0.000943
11 88752128 rs4753212 3.906e-05 0.0002524
11 88752567 rs4370938 6.846e-07 9.025e-06
11 88753845 rs7126679 1.612e-05 0.0005058
11 88755348 rs4505064 2.993e-05 0.0008545
11 88756713 rs36006427 9.283e-05 0.0006729
11 88756779 rs4497414 1.185e-06 1.744e-05
11 88757597 rs10430814 6.609e-05 0.0009035
11 88757950 rs7125164 3.089e-06 5.951e-06
11 88760872 rs7114254 1.605e-06 5.182e-05
11 88762042 rs10830201 5.426e-05 0.0007564
11 88762060 rs10741299 1.646e-06 6.361e-05
11 88762668 rs7108722 6.762e-07 3.424e-05
11 88765779 rs11018434 1.169e-05 0.0005766
11 88787544 rs10830204 3.271e-06 0.0003005
11 88791508 rs7118021 2.211e-06 0.0003813
11 88799731 rs34749698 9.618e-06 0.0002186
11 88802281 rs477424 5.693e-05 0.000602
11 88803057 11:88803057:I 3.649e-06 0.0003883
11 88804684 rs7929744 2.975e-06 0.0003142
11 88828356 rs10830208 3.996e-06 0.0004961
11 88831337 rs10765186 3.293e-06 0.0002913
11 88838984 rs10830209 2.365e-06 0.0003089
11 88840925 rs1942496 1.754e-06 0.0002381
11 88845892 rs113279829 1.505e-06 0.0002049
11 88852179 11:88852179:I 6.737e-06 0.000425
11 88874152 rs10830220 1.606e-05 0.0002211
11 88874969 rs4121744 1.832e-05 0.0004618
11 88876845 rs7342208 1.308e-05 0.0002997
11 88877463 rs10830221 9.985e-06 0.0003663
11 88877632 11:88877632:D 1.668e-05 0.0007274
11 88878052 rs4315072 9.911e-06 0.0004151
11 88880402 rs4519092 6.696e-06 0.0003703
11 88882550 rs10765191 8.161e-06 0.0003154
11 88883384 11:88883384:I 1.31e-05 0.0003851
11 88883499 rs11018510 4.187e-06 0.0001927
11 88883648 rs11018511 8.408e-06 0.0003155
11 88883885 rs10830223 9.661e-06 0.0003575
11 88884079 rs10830224 3.049e-05 0.0007432
11 88885187 rs4255542 2.788e-05 0.0006564
11 88885480 rs4397857 1.25e-05 0.0003737
11 88885945 rs10830225 2.289e-05 0.0005956
11 88886767 rs4309163 3.211e-05 0.000837
11 88887051 11:88887051:D 3.19e-05 0.0008937
11 88888262 rs11821161 4.4e-06 5.903e-05
11 88889868 rs61903411 1.488e-05 0.0001104
11 88889886 rs35016324 1.254e-05 9.588e-05
11 88889893 rs35148124 1.362e-05 0.0001063
11 88890451 rs61903412 2.284e-05 0.0006177
11 88890822 rs10830227 5.89e-06 6.351e-05
11 88891114 rs10830228 6.35e-06 7.466e-05
11 88891408 11:88891408:D 6.432e-06 6.994e-05
11 88891543 rs4081455 7.111e-06 6.994e-05
11 88891876 rs4998767 9.061e-06 9.964e-05
11 88893001 rs67279079 6.425e-07 0.000173
11 88894537 rs10830230 8.594e-06 7.836e-05
11 88894768 rs11018515 8.604e-06 7.836e-05
11 88894922 rs2212751 1.489e-05 0.0001371
11 88895388 rs10830231 9.291e-06 0.000142
11 88895962 rs61903413 1.046e-05 0.0001363
11 88895963 rs62858761 1.046e-05 0.0001363
11 88896425 rs7108473 1.24e-05 0.0001404
11 88896609 rs7127661 1.124e-05 0.0001632
11 88896664 rs7124483 1.119e-05 0.0001632
11 88897444 rs10830234 2.044e-05 0.0004779
11 88897605 11:88897605:I 3.57e-06 9.524e-05
11 88897689 11:88897689:D 8.085e-06 8.696e-05
11 88899362 rs7947287 6.449e-06 8.013e-05
11 88899605 rs7950415 2.016e-05 0.0007139
11 88899728 rs1942481 6.462e-06 8.013e-05
11 88901170 rs10765195 1.41e-05 0.0004843
11 88901570 rs11018519 1.411e-05 0.0004843
11 88902144 rs10830237 5.761e-06 8.557e-05
11 88902724 rs949539 8.38e-06 0.0001111
11 88902830 rs949537 6.837e-06 9.843e-05
11 88903317 rs1942498 6.465e-06 8.013e-05
11 88904971 rs12421727 8.679e-06 9.246e-05
11 88905261 rs12795279 8.716e-06 9.246e-05
11 88907162 rs7949891 8.741e-06 9.246e-05
11 88911696 rs1042602 5.598e-08 0.0002411
11 88912190 rs12270717 4.524e-06 0.0001506
11 88913663 rs621313 7.955e-05 0.0003356
11 88914415 rs11018522 5.225e-06 0.0001744
11 88919816 rs11018524 4.685e-06 0.0002039
11 88921524 rs17793678 3.045e-06 0.0001464
11 88921572 rs72963135 2.898e-07 0.000101
11 88925242 rs10765196 2.244e-06 0.0001087
11 88930377 rs11018528 1.479e-06 7.935e-05
11 88930581 rs12791412 1.485e-06 7.935e-05
11 88930907 rs12789914 1.02e-06 6.779e-05
11 88931487 rs7107143 1.768e-06 0.000113
11 88933250 rs574028 2.885e-05 0.0001535
11 88935088 rs12285584 1.377e-07 0.0002141
11 88937602 rs10830239 3.788e-05 0.0001834
11 88938356 rs10830240 2.778e-06 0.000129
11 88938933 rs12286618 2.776e-06 0.000129
11 88943035 rs72963168 4.988e-07 0.0001402
11 88943630 rs11018534 2.629e-06 0.0001166
11 88953819 rs1939252 3.078e-05 0.0001646
11 88953846 rs11018536 2.069e-06 9.46e-05
11 88969066 rs4753214 3.659e-05 0.0001675
11 88969774 rs10765198 2.783e-06 0.0001393
11 88970006 rs11018544 3.661e-05 0.0001675
11 88970138 rs7358418 7.757e-06 0.0002411
11 88971035 rs7939929 7.714e-06 0.0002411
11 88971134 rs12365043 2.328e-06 1e-04
11 88971269 rs11018545 2.322e-06 1e-04
11 88971373 rs7940368 7.695e-06 0.0002411
11 88971638 rs10765199 7.665e-06 0.0002411
11 88971684 rs10765200 7.63e-06 0.0002411
11 88971704 rs10765201 7.612e-06 0.0002411
11 88972118 rs7358330 2.553e-06 0.0001119
11 88972346 rs6415994 7.62e-06 0.0002411
11 88972562 rs1939262 7.603e-06 0.0002411
11 88973201 rs7933594 7.605e-06 0.0002411
11 88973361 rs11018546 3.324e-06 0.0001167
11 88976157 rs12295166 1.927e-07 0.0002125
11 88977364 rs10501698 1.681e-06 7.795e-05
11 88978545 rs4601783 3.223e-05 0.0001549
11 88979846 rs4121401 9.607e-05 0.0008196
11 88982718 rs10741305 4.827e-06 3.83e-06
11 88986867 11:88986867:D 2.003e-06 0.0002632
11 88987673 rs11018555 5.823e-05 0.0005521
11 89001126 rs4087499 1.497e-06 7.378e-05
11 89002566 rs591260 2.773e-06 6.723e-06
11 89004894 rs645592 2.772e-06 6.723e-06
11 89005253 rs1847134 7.73e-07 8.87e-05
11 89007185 11:89007185:I 7.702e-07 8.87e-05
11 89007922 rs7101897 7.667e-07 8.87e-05
11 89011046 rs1393350 9.798e-08 2.48e-05
11 89014355 rs12273884 6.563e-05 0.0004508
11 89017961 rs1126809 5.049e-08 8.342e-06
11 89018440 rs1827430 5.97e-05 0.0003635
11 89020590 rs9919559 5.568e-05 0.0003779
11 89021065 rs3900053 1.801e-06 9.896e-05
11 89021574 rs1847142 1.069e-06 7.05e-05
11 89022446 rs12363772 6.166e-07 3.793e-05
11 89024321 11:89024321:I 1.754e-06 9.778e-05
11 89024455 rs4121403 1.152e-06 7.155e-05
11 89028043 rs10830253 1.603e-06 8.611e-05
11 89030399 rs7951935 5.822e-05 0.0004055
11 89033269 rs1954772 1.72e-06 8.133e-05
11 89037064 rs1847140 2.328e-06 9.623e-05
11 89093163 rs4393317 2.819e-06 0.0002228
11 89094890 rs317187 9.002e-06 0.0001604
11 89095773 rs317185 8.668e-06 0.0002416
11 89096757 rs3913535 4.806e-05 0.0005884
11 89098916 rs1698273 3.541e-06 0.0001244
11 89100329 rs10830263 9.807e-05 0.0006773
11 89102184 rs4127487 2.931e-05 0.0003541
11 89102663 rs317125 5.674e-06 0.000238
11 89102932 rs510593 6.417e-06 0.0001803
11 89129133 rs11018601 1.231e-05 0.0002675
11 89161985 rs4598673 2.768e-05 0.0003308
11 89162175 rs115810285 1.209e-05 0.0001542
11 98365365 rs4551724 9.194e-05 1.535e-05
11 98366007 rs10790089 9.178e-05 1.535e-05
11 99683771 rs145845678 5.949e-05 0.0001104
11 99689656 rs189109260 5.952e-05 0.0001104
11 102501165 rs2846370 4.557e-05 4.064e-05
11 120710210 rs28737445 6.344e-05 1.064e-05
11 121782474 rs10892783 9.77e-05 1.64e-05
11 121784614 rs12146618 8.501e-05 1.424e-05
11 121789729 rs10892785 8.845e-05 1.478e-05
11 121791039 rs11218454 7.609e-05 1.276e-05
11 121792078 rs7480312 9.204e-05 1.541e-05
11 121794186 rs17337467 9.204e-05 1.541e-05
11 121797522 rs10790478 9.096e-05 1.527e-05
11 125184474 rs79277480 5.971e-05 9.859e-06
11 125185302 rs78482504 5.975e-05 9.859e-06
11 125186030 rs114171875 5.977e-05 9.859e-06
11 125186108 rs117537211 5.966e-05 9.859e-06
11 125186261 rs77712783 6.991e-05 1.171e-05
11 125186409 rs77987637 5.056e-05 8.353e-06
11 132575991 rs117974989 9.441e-05 0.0009582
11 132576381 rs76350124 9.451e-05 0.0009582
11 132577482 rs80337712 9.442e-05 0.0009582
11 132624206 rs116854823 7.609e-05 2.417e-05
11 132625186 rs77650786 7.606e-05 2.417e-05
11 132625639 rs78561663 7.617e-05 2.417e-05
11 132626637 rs73601340 7.612e-05 2.417e-05
11 132626856 rs117479607 7.595e-05 2.417e-05
11 132627474 rs36189907 7.585e-05 2.417e-05
11 132627868 rs117231444 7.582e-05 2.417e-05
11 132628122 rs146644334 7.585e-05 2.417e-05
11 132628130 rs149187851 7.595e-05 2.417e-05
11 132628201 rs148317117 7.599e-05 2.417e-05
11 132628357 rs147024835 7.588e-05 2.417e-05
11 132628478 rs143883960 7.599e-05 2.417e-05
11 132629678 rs145984353 7.6e-05 2.417e-05
11 132630550 rs115883926 7.591e-05 2.417e-05
11 132635720 rs80245927 7.589e-05 2.417e-05
11 132636190 rs74315707 7.587e-05 2.417e-05
11 132636846 rs188590290 7.583e-05 2.417e-05
11 132637170 11:132637170:D 7.583e-05 2.417e-05
11 132637568 rs116993512 7.577e-05 2.417e-05
11 132639378 rs77816965 3.492e-05 9.562e-06
11 132639991 11:132639991:I 3.493e-05 9.562e-06
11 132640636 rs79450637 3.498e-05 9.562e-06
11 132642882 rs141257792 3.504e-05 9.562e-06
11 132643781 rs79745868 3.506e-05 9.562e-06
11 132644265 rs78059185 3.496e-05 9.562e-06
11 132644520 rs116487076 3.493e-05 9.562e-06
11 132645829 rs74537565 3.49e-05 9.562e-06
11 132645962 rs150006697 3.494e-05 9.562e-06
11 132646193 rs117190246 3.498e-05 9.562e-06
11 132646708 rs74898025 7.567e-06 1.544e-06
11 132647112 rs75375033 3.498e-05 9.562e-06
11 132647673 rs142591464 3.495e-05 9.562e-06
11 132648818 rs79158207 5.691e-05 2.039e-05
11 132649548 rs77230470 5.694e-05 2.039e-05
12 3861206 rs78773614 1.331e-05 2.179e-06
12 4124107 rs7307879 5.787e-05 0.00017
12 4128181 rs12581830 9.473e-05 0.0003421
12 7908364 12:7908364:D 2.971e-05 4.901e-06
12 9191370 rs764769 5.321e-05 8.771e-06
12 12574584 rs7978842 7.932e-05 1.333e-05
12 12582377 rs4763827 2.996e-05 4.951e-06
12 12589705 rs1861674 2.947e-05 4.855e-06
12 12593479 rs7134787 3.182e-05 5.296e-06
12 12597882 rs7973069 2.073e-05 3.453e-06
12 12603915 rs7975061 3.814e-05 6.372e-06
12 12610174 rs60363317 2.685e-05 4.441e-06
12 12613252 rs7133988 1.798e-05 2.941e-06
12 12613847 rs73287587 1.799e-05 2.941e-06
12 12616850 rs11831188 9.366e-05 1.574e-05
12 12616955 rs4763831 9.352e-05 1.571e-05
12 14409191 rs36108061 6.523e-05 0.0001674
12 14413123 rs12425125 9.423e-05 0.0002277
12 14413975 12:14413975:D 9.434e-05 0.0002277
12 14413977 12:14413977:D 9.439e-05 0.0002277
12 14414444 rs12426892 5.752e-05 0.0002151
12 14416042 rs34737341 7.906e-05 0.0002082
12 14416236 rs34246472 4.919e-05 0.0001225
12 14419063 rs35883625 1.229e-05 5.414e-05
12 14419298 rs12831867 1.106e-05 4.936e-05
12 14419673 rs34991620 1.106e-05 4.936e-05
12 14419705 rs35747749 1.106e-05 4.936e-05
12 14421371 rs34152332 1.104e-05 4.936e-05
12 14421965 rs35429574 1.997e-05 5.219e-05
12 14422301 rs35849943 1.1e-05 4.936e-05
12 14423080 rs9919696 1.099e-05 4.936e-05
12 14423083 rs9919817 7.439e-06 4.23e-05
12 15263059 rs3815571 3.383e-05 0.0003408
12 15277071 rs11056360 6.333e-05 0.0002454
12 18474181 rs11610595 6.489e-06 1.079e-06
12 18510737 rs12315785 2.637e-06 4.25e-07
12 18589816 rs11044114 3.463e-06 5.618e-07
12 20036496 12:20036496:D 3.854e-05 0.000578
12 20037426 rs7978100 7.453e-05 9.34e-05
12 20037448 rs7978107 7.448e-05 9.34e-05
12 20043049 rs7960979 6.865e-05 7.905e-05
12 20043560 rs6487046 8.635e-05 9.852e-05
12 20043690 rs7295841 8.634e-05 9.852e-05
12 20044012 12:20044012:D 4.721e-05 0.0002517
12 20044594 rs11611692 6.871e-05 7.905e-05
12 20046007 rs11044924 6.529e-05 7.463e-05
12 20046132 rs11044926 6.538e-05 7.463e-05
12 25075617 rs12371444 3.383e-05 3.893e-05
12 25088312 rs11047716 6.672e-05 1.12e-05
12 26458425 rs114943156 8.233e-05 0.0003576
12 26465839 rs11534750 6.544e-05 0.0003893
12 26475274 rs11048464 6.497e-05 0.0003831
12 26475469 rs11048465 9.555e-05 6.497e-05
12 26475967 rs11048466 9.551e-05 6.497e-05
12 26476668 rs11048467 6.355e-05 0.0002106
12 26478892 12:26478892:D 6.349e-05 0.0002106
12 31906781 MERGED_DEL_2_68707 9.591e-05 7.651e-05
12 40720004 rs10878377 4.322e-05 0.0005141
12 40786987 rs1427259 5.877e-05 0.0004044
12 40789318 rs1822606 5.875e-05 0.0004044
12 40789410 rs7966143 5.875e-05 0.0004044
12 40790940 rs1549562 5.881e-05 0.0004044
12 40794271 rs3861083 5.885e-05 0.0004044
12 40794775 rs4099579 5.027e-05 0.0003935
12 40794845 rs1816207 5.883e-05 0.0004044
12 40798558 rs1427261 5.883e-05 0.0004044
12 49970170 rs74415029 7.012e-05 0.0003507
12 49989746 rs11837121 1.266e-05 0.0001489
12 50009169 rs117124817 1.266e-05 0.0001489
12 50015907 rs117945311 4.049e-05 0.0002349
12 50067549 rs117085524 4.181e-05 0.0002154
12 50117644 12:50117644:I 1.286e-05 0.0001353
12 58602483 rs180724019 6.93e-05 1.16e-05
12 58742195 rs183329802 7.985e-05 1.344e-05
12 61059650 rs73365530 9.509e-05 8.121e-05
12 61061602 rs2201865 5.554e-05 8.121e-05
12 61064554 rs73365540 5.558e-05 8.121e-05
12 61066069 rs73365543 5.558e-05 8.121e-05
12 61066250 rs58671593 5.548e-05 8.121e-05
12 61068797 rs77935164 5.548e-05 8.121e-05
12 61070673 rs57992151 5.546e-05 8.121e-05
12 61074576 rs58088840 5.544e-05 8.121e-05
12 61080039 rs17124060 5.541e-05 8.121e-05
12 84478793 rs1482430 2.543e-05 2.06e-05
12 84482319 rs11116202 3.261e-05 2.624e-05
12 84500545 rs11513951 2.244e-05 2.219e-05
12 84517402 rs10506904 2.601e-05 2.372e-05
12 84557567 rs61954670 5.732e-05 0.0003242
12 84573084 rs10779082 4.84e-05 0.0002696
12 84667835 rs11116291 9.48e-05 0.0002185
12 94238445 rs10777546 7.225e-05 1.215e-05
12 105027342 rs11608410 5.829e-05 0.0003322
12 105107330 rs7297460 7.196e-05 1.21e-05
12 129268346 rs36083499 8.899e-05 0.0007556
12 129296865 rs4760594 3.967e-05 0.0009396
12 129324506 rs4760540 9.633e-05 0.0007021
12 129325242 rs10744392 8.235e-05 0.0006521
12 130331711 rs12821921 4.114e-05 0.0001667
12 130331764 rs4340090 4.115e-05 0.0001595
12 130337044 rs71466419 3.967e-05 0.0002524
12 130339638 rs71466420 3.964e-05 0.0003747
12 130346640 rs7299057 3.947e-05 0.0004848
12 130347347 rs35831266 6.141e-05 0.0005708
13 24600879 rs9511002 5.12e-05 8.46e-06
13 26019036 rs4329770 8.811e-05 3.598e-05
13 29748385 rs8000273 9.772e-05 0.0003607
13 29752452 rs11840899 9.778e-05 0.0003607
13 29775909 rs9550449 9.947e-05 0.0002201
13 33570866 rs374561 4.016e-05 0.0004299
13 33570867 rs74816256 4.017e-05 0.0004299
13 33577591 rs493690 9.159e-05 0.0003787
13 33965069 rs1409084 8.049e-05 0.0008293
13 44429551 13:44429551:D 3.424e-05 0.0001515
13 55576528 rs6561809 4.32e-05 7.17e-06
13 62760286 rs9528478 7.375e-05 0.000846
13 63941716 rs12430489 4.512e-05 7.466e-06
13 63942797 13:63942797:D 1.164e-06 1.831e-07
13 63949631 rs12427701 5.521e-05 1.617e-05
13 63958026 rs113131252 1.626e-06 2.571e-07
13 63958540 rs4884474 1.617e-06 2.571e-07
13 63962455 rs73205455 8.55e-07 1.36e-07
13 63963367 rs3966933 8.632e-07 1.36e-07
13 63963465 rs73205456 8.646e-07 1.36e-07
13 73765600 rs9600089 9.734e-05 0.0002174
13 73769533 rs9543259 9.715e-05 0.0002174
13 73769609 rs9543260 9.713e-05 0.0002174
13 78857855 rs185496074 8.18e-05 0.0009267
13 90111187 rs471682 6.294e-05 1.056e-05
13 90765048 13:90765048:I 6.444e-05 0.0007587
13 93818625 rs61964234 9.901e-05 1.662e-05
13 101326992 rs7987438 1.217e-05 1.956e-05
14 22014517 rs2319861 9.495e-05 1.599e-05
14 22023048 rs4981373 8.685e-05 1.452e-05
14 22028768 rs12232177 6.475e-05 1.087e-05
14 44391290 rs141194975 1.039e-05 3.945e-06
14 51674713 rs4403958 4.34e-05 4.2e-05
14 73028706 rs2074648 3.876e-05 1.279e-05
14 73032200 14:73032200:I 8.498e-05 3.883e-05
14 95967889 rs179165 1.813e-05 3.006e-06
14 96036849 rs148431110 6.512e-05 0.0001325
14 96946205 rs74090324 3.137e-05 9.124e-05
14 96946452 rs74450743 3.008e-05 9.546e-05
14 96948135 rs28711146 4.558e-05 0.0001298
14 96950486 rs78709471 4.535e-05 0.0001359
14 96956217 rs74090332 5.38e-05 0.0002151
14 96961250 rs144894556 6.088e-05 0.0001469
14 96961598 rs28708702 9.745e-05 0.000206
14 96961776 rs74090337 9.338e-05 0.0002155
14 96961875 rs76437539 6.09e-05 0.0001469
14 96995875 14:96995875:I 8.984e-05 0.0002223
14 96996734 rs73351200 5.656e-05 0.0003692
14 97003872 rs11627287 6.095e-05 0.0003384
14 97019687 14:97019687:D 5.773e-05 0.000354
14 97049242 rs11626873 5.116e-05 0.0002977
14 104395926 rs113644913 4.116e-05 1.641e-05
15 22908262 rs11638021 7.521e-05 1.258e-05
15 51133016 rs72742352 1.723e-05 1.915e-05
15 51268735 rs72744321 1.584e-05 0.0001059
15 51332274 rs72744346 1.904e-05 0.0001877
15 51363337 15:51363337:D 2.888e-05 0.0001625
15 51394457 rs138048353 4.421e-06 7.593e-05
15 85611793 rs28540038 9.298e-05 3.13e-05
15 85657062 rs66934208 7.275e-05 1.967e-05
15 85657120 rs62019510 9.127e-05 2.561e-05
15 87059150 rs4530101 3.849e-05 4.44e-05
15 87993202 rs2606155 8.3e-05 0.0002669
15 87996087 rs2606169 6.151e-05 0.0002699
15 90680382 rs2943225 4.594e-05 9.967e-06
15 93105138 rs4778007 9.437e-05 0.0002525
15 98676558 rs11634680 9.197e-05 0.0004179
15 100807360 rs11247174 3.394e-06 0.000104
15 100809000 rs7171164 7.684e-05 0.0001641
15 100809012 rs12439005 7.698e-05 0.0001641
15 100809029 rs11854216 7.695e-05 0.0001641
15 100809507 rs4965300 7.701e-05 0.0001641
15 100809582 rs4965301 7.704e-05 0.0001641
15 100809752 rs4965302 7.704e-05 0.0001641
15 100810476 rs5011255 5.84e-05 8.712e-05
15 100810594 rs5011256 5.842e-05 8.712e-05
15 100810883 rs7498058 5.843e-05 8.712e-05
15 100810911 rs12901091 5.845e-05 8.712e-05
15 100811250 rs7163928 5.851e-05 8.712e-05
15 100811344 rs7166523 5.845e-05 8.712e-05
15 100811581 rs7168432 5.584e-05 9.459e-05
15 100811936 rs11632934 5.752e-05 9.265e-05
16 893829 rs111364430 4.092e-05 6.802e-06
16 6724992 rs66477608 6.684e-05 0.0002438
16 6725922 16:6725922:D 6.679e-05 0.000262
16 6728193 rs36031314 7.633e-05 0.0002747
16 6728270 rs12935190 6.596e-05 0.0003032
16 6728474 rs12934366 9.562e-05 0.0004633
16 6729022 rs7199189 1.644e-05 0.0002034
16 6736855 rs7204849 5.316e-05 0.0003023
16 6742294 16:6742294:D 6.007e-05 0.0002418
16 22010942 16:22010942:I 4.167e-05 6.918e-06
16 24160545 rs11074608 9.183e-05 3.795e-05
16 24178977 rs198208 8.222e-05 1.789e-05
16 25171810 rs277898 2.957e-05 0.0005254
16 53584552 rs76216690 9.578e-05 1.616e-05
16 61951481 rs11646959 3.232e-05 0.0006904
16 62333500 rs8046993 3.39e-05 3.156e-05
16 62337754 rs9922042 3.211e-05 4.35e-05
16 78601593 rs187799377 7.1e-05 0.0001029
16 78895995 rs8063104 4.63e-05 9.518e-05
16 85154030 rs7205266 3.392e-05 5.638e-06
16 86775093 rs13336187 4.951e-05 0.0006473
16 87121981 rs11641481 3.05e-05 9.054e-06
16 87125822 rs3849252 7.824e-05 1.312e-05
16 87130182 rs11645126 4.036e-05 6.687e-06
16 88803500 rs4782409 4.746e-05 0.0004587
16 88812279 rs11646394 1.346e-05 0.0008075
16 88821033 rs3843706 7.676e-05 1.294e-05
16 88821698 rs57566212 6.493e-05 1.088e-05
16 89383725 rs3114908 1.61e-06 1.374e-05
16 89384555 rs3102357 4.084e-06 2.343e-05
16 89384976 16:89384976:I 3.313e-06 4.389e-05
16 89385510 rs2353032 2.109e-06 2.532e-05
16 89385561 rs2353033 3.624e-05 0.0001511
16 89576507 rs4499232 5.519e-08 1.583e-08
16 89581924 rs9928142 6.069e-05 1.009e-05
16 89582122 16:89582122:D 7.78e-08 2.624e-08
16 89586002 16:89586002:D 5.725e-05 9.471e-06
16 89586010 rs12050940 5.952e-05 9.841e-06
16 89586659 rs12924902 5.35e-08 9.103e-09
16 89587030 rs11864726 8.901e-05 1.489e-05
16 89588896 rs4785687 5.485e-08 9.219e-09
16 89589408 rs8060502 6.754e-08 1.132e-08
16 89594626 rs8063180 9.226e-05 1.545e-05
16 89595036 rs56325371 5.715e-05 9.454e-06
16 89596714 rs12448464 4.937e-08 8.145e-09
16 89600231 rs2434870 9.885e-05 1.661e-05
16 89604610 rs432936 3.315e-05 5.502e-06
16 89648580 rs352935 1.772e-05 4.242e-06
16 89692298 rs164741 7.424e-07 1.958e-07
16 89720710 rs258337 3.719e-05 4.327e-05
16 89720724 rs35850949 1.368e-13 3.657e-14
16 89720831 rs258336 5.139e-05 6.349e-05
16 89720909 rs11647958 5.997e-05 6.572e-05
16 89720944 rs258335 5.87e-05 6.516e-05
16 89721129 rs258334 2.383e-05 2.34e-05
16 89721135 rs113974432 1.884e-10 3.218e-11
16 89722390 rs164752 1.824e-10 3.084e-11
16 89723282 16:89723282:D 1.935e-10 3.218e-11
16 89723870 rs34878706 1.121e-10 1.9e-11
16 89724268 rs35415928 2.947e-10 4.767e-11
16 89726484 rs7188458 5.04e-05 5.16e-05
16 89726550 rs71396950 1.328e-13 3.657e-14
16 89726593 rs71396951 1.24e-13 3.657e-14
16 89728475 rs34526810 1.927e-10 3.218e-11
16 89729125 rs11645271 4.465e-05 4.414e-05
16 89729169 rs11640702 5.47e-05 4.692e-05
16 89729336 rs187283 6.696e-05 0.00012
16 89729844 rs4785701 6.529e-05 5.281e-05
16 89731905 rs77646997 1.945e-10 3.218e-11
16 89733206 rs4785702 1.995e-10 3.218e-11
16 89735071 rs117418297 3.174e-06 4.147e-05
16 89736157 rs35063026 1.436e-13 3.657e-14
16 89739850 rs12445808 3.587e-05 5.953e-06
16 89741403 rs12918773 1.706e-10 2.892e-11
16 89742979 rs35414122 4.725e-10 7.654e-11
16 89744809 rs12922197 1.704e-10 2.892e-11
16 89747259 rs9939860 7.992e-06 1.014e-05
16 89748736 rs12924572 2.102e-05 2.768e-05
16 89754444 rs12924138 2.313e-05 1.741e-05
16 89755216 rs2075880 1.561e-05 1.46e-05
16 89755903 rs258322 9.077e-09 4.396e-09
16 89756768 rs164744 6.711e-05 6.035e-05
16 89757725 rs164742 3.393e-05 2.158e-05
16 89762647 rs8404 4.624e-06 4.157e-05
16 89768558 rs13330285 6.858e-05 1.148e-05
16 89768560 rs13335097 6.858e-05 1.148e-05
16 89769725 rs34265416 6.556e-11 1.162e-11
16 89774396 rs1110331 3.837e-06 6.374e-07
16 89775946 rs72807526 2.171e-05 3.58e-06
16 89780090 rs12149952 6.419e-06 1.065e-06
16 89785107 rs62068372 7.57e-07 1.692e-06
16 89785242 rs113661672 7.368e-05 1.304e-05
16 89785820 rs56112321 1.246e-06 2.579e-06
16 89786121 rs34141697 1.239e-06 2.579e-06
16 89786649 rs111836360 8.404e-05 1.413e-05
16 89786855 rs3809646 7.664e-05 1.331e-05
16 89787040 rs4785589 3.815e-05 7.075e-06
16 89788768 rs116853582 7.674e-06 3.022e-05
16 89790167 rs4785590 4.635e-05 9.359e-06
16 89791210 rs62068387 6.445e-08 7.981e-07
16 89791241 16:89791241:D 8.203e-06 1.377e-06
16 89791487 rs62068388 7.866e-08 7.769e-07
16 89792228 rs8059398 2.642e-06 4.211e-07
16 89793042 rs8048331 3.836e-05 1.141e-05
16 89793115 rs9934785 4.396e-05 1.349e-05
16 89793555 rs2099105 7.779e-08 8.737e-07
16 89794051 rs72807539 8.619e-05 6.402e-05
16 89794052 rs72807540 8.628e-05 6.402e-05
16 89794884 rs4633719 3.807e-05 8.938e-06
16 89794885 rs4640180 3.709e-05 1.208e-05
16 89796569 rs4785708 2.035e-06 4.515e-07
16 89796665 rs4785709 9.551e-05 2.669e-05
16 89796756 rs4785710 7.244e-06 1.215e-06
16 89797627 rs4785593 2.28e-07 2.421e-06
16 89797903 rs11643623 9.439e-08 3.409e-06
16 89798081 rs11643713 6.558e-08 2.989e-06
16 89798375 rs56296040 9.337e-08 3.409e-06
16 89798404 rs4785714 1e-05 1.66e-06
16 89798516 rs4785594 5.812e-08 1.64e-06
16 89799079 rs7206546 7.572e-06 1.269e-06
16 89799373 rs7184315 8.709e-06 1.459e-06
16 89799374 rs35762120 2.779e-07 1.725e-05
16 89800163 rs79885034 8.121e-06 1.36e-06
16 89800529 rs9935559 6.336e-06 1.05e-06
16 89800550 rs7189734 8.819e-09 6.303e-07
16 89800887 rs3764257 1.104e-07 1.833e-06
16 89801127 rs4785716 6.899e-06 1.16e-06
16 89801133 rs4785717 6.915e-06 1.16e-06
16 89801569 rs72807546 8.27e-05 0.0001006
16 89801892 rs11649155 3.589e-06 3.386e-05
16 89802090 rs2077001 1.761e-06 4.618e-07
16 89802396 rs7202427 5.719e-07 2.098e-05
16 89807785 rs11640198 3.834e-07 1.577e-05
16 89810823 rs6500440 6.938e-05 2.704e-05
16 89812930 rs34019730 1.204e-06 3.257e-05
16 89813966 rs1029673 1.29e-06 2.855e-05
16 89814064 rs2011925 4.615e-05 1.965e-05
16 89818089 rs9926296 1.046e-05 1.729e-06
16 89818310 rs3743862 4.867e-05 2.443e-05
16 89819932 rs11649642 3.436e-07 4.98e-06
16 89821080 rs12923946 7.443e-05 2.57e-05
16 89823393 rs7191144 3.071e-05 1.213e-05
16 89825495 rs7204328 3.266e-05 1.938e-05
16 89825725 16:89825725:I 2.346e-05 2.094e-05
16 89826922 rs2376884 3.628e-05 1.526e-05
16 89826926 rs2376883 3.623e-05 1.526e-05
16 89827002 rs2376882 2.156e-05 7.966e-06
16 89827011 rs2376881 4.028e-05 1.812e-05
16 89831819 rs2159115 4.001e-05 1.378e-05
16 89831841 rs2159114 3.905e-05 1.378e-05
16 89836899 rs1800341 1.197e-05 4.992e-05
16 89841374 rs12596429 2.926e-05 1.02e-05
16 89841552 rs8046872 2.926e-05 1.02e-05
16 89842784 rs17232826 7.297e-06 4.275e-05
16 89846987 rs8058179 3.321e-05 1.23e-05
16 89851574 rs17226232 6.621e-06 5.935e-05
16 89853307 rs4522419 3.997e-05 2.99e-05
16 89856032 rs80006713 1e-05 4.941e-05
16 89859292 rs6500454 6.033e-05 4.599e-05
16 89859753 rs12921383 3.309e-10 5.335e-11
16 89861570 rs17232491 1.292e-06 1.512e-05
16 89862155 rs17226082 1.562e-06 2.269e-05
16 89867339 rs8051712 1.422e-05 1.871e-05
16 89869761 rs1800286 2.361e-05 2.489e-05
16 89875033 rs7185013 3.53e-05 3.862e-05
16 89875259 rs11076629 4.44e-05 3.669e-05
16 89875377 rs11645893 2.565e-05 4.493e-05
16 89875438 rs11642136 3.86e-05 4.352e-05
16 89875710 rs11861084 4.433e-05 3.669e-05
16 89879916 rs9937925 6.513e-06 3.308e-06
16 89884310 rs76888998 5.687e-06 5.584e-05
16 89884502 rs8047581 3.357e-05 8.894e-06
16 89884917 rs2079672 5.116e-05 1.813e-05
16 89885161 rs2376878 4.498e-05 1.584e-05
16 89885223 rs2376877 4.802e-05 1.627e-05
16 89886519 rs34357723 6.508e-13 3.495e-12
16 89886795 rs8048253 5.032e-05 1.303e-05
16 89887249 rs35096708 5.049e-13 3.492e-12
16 89888341 rs6500456 1.957e-05 9.926e-06
16 89890452 rs11076636 5.225e-05 6.314e-05
16 89891956 rs8050717 7.543e-05 4.72e-05
16 89893237 16:89893237:D 5.637e-05 5.078e-05
16 89893238 rs36022917 8.312e-05 7.648e-05
16 89893243 rs4785725 7.759e-05 6.933e-05
16 89893375 rs34177108 6.718e-13 4.852e-12
16 89893450 rs7187982 4.686e-05 6.821e-05
16 89895469 rs74613454 7.529e-06 3.849e-05
16 89896005 rs72811597 4.754e-10 1.532e-09
16 89898764 rs6500457 4.96e-05 0.000128
16 89899398 16:89899398:D 3.531e-05 5.245e-05
16 89899399 16:89899399:D 3.849e-05 5.353e-05
16 89899413 16:89899413:D 4.114e-05 5.183e-05
16 89899414 16:89899414:D 3.236e-05 5.189e-05
16 89902482 rs12598477 2.441e-05 7.242e-05
16 89904426 rs2108838 4.033e-05 7.779e-05
16 89905529 rs34562649 2.433e-05 0.0001331
16 89905925 rs9935541 4.087e-05 9.561e-05
16 89916391 rs12932219 9.816e-07 8.91e-06
16 89977745 rs11538871 1.541e-08 2.621e-07
16 89979959 rs8060848 9.463e-06 2.627e-06
16 89982272 rs3212345 9e-05 1.505e-05
16 89984370 rs3212354 8.345e-05 1.404e-05
16 89984604 rs3212357 9.25e-05 1.55e-05
16 89984739 rs3212358 9.237e-05 1.55e-05
16 89986144 rs1805008 2.412e-08 5.023e-07
16 89990843 rs74415461 1.975e-08 3.016e-07
16 89993614 rs7190000 9.166e-05 1.534e-05
16 89993691 rs7192242 7.392e-05 1.236e-05
16 90000044 rs77681059 6.876e-08 1.55e-06
16 90003943 rs145053134 6.894e-08 1.55e-06
16 90006179 rs4785746 7.172e-05 1.29e-05
16 90008568 rs7197627 9.137e-08 1.338e-07
16 90010172 rs140954946 3.298e-07 1.305e-06
16 90011739 rs139810560 4.262e-10 3.977e-07
16 90012231 rs77463543 1.848e-08 3.755e-07
16 90015960 rs6500462 6.555e-09 1.375e-06
16 90022484 16:90022484:I 6.77e-09 1.103e-09
16 90022693 rs146972365 1.056e-11 5.645e-12
16 90022897 rs62052238 8.297e-05 0.0003296
16 90024202 rs8049897 1.846e-09 2.997e-10
16 90024206 rs8051733 2.511e-11 1.546e-09
16 90024970 rs74800773 3.653e-12 9.321e-13
16 90026152 rs62052243 1.989e-11 7.894e-10
16 90026512 rs4268748 1.59e-11 3.73e-11
16 90027626 rs8063761 9.13e-12 5.838e-10
16 90027838 rs8062311 7.864e-05 0.0001355
16 90029402 rs74837667 3.076e-05 0.000214
16 90029417 rs4785751 6.065e-06 5.467e-05
16 90030355 rs13330431 8.997e-07 1.339e-05
16 90035141 rs4785752 4.971e-05 6.043e-05
16 90042405 16:90042405:D 6.956e-07 2.109e-06
16 90042498 16:90042498:D 6.92e-07 2.109e-06
16 90043010 rs77770855 7.274e-11 1.189e-11
16 90043036 rs113955373 5.944e-11 9.694e-12
16 90043506 rs6500463 2.904e-05 2.938e-05
16 90043531 rs56850194 7.231e-11 1.189e-11
16 90043840 rs4350572 8.471e-07 2.11e-06
16 90044028 rs4408545 3.778e-05 0.0002489
16 90045986 rs11648898 2.481e-09 4.014e-10
16 90047605 rs112001009 4.694e-09 7.497e-10
16 90047757 rs113891247 1.814e-11 4.568e-12
16 90048395 rs45610233 1.815e-11 4.568e-12
16 90049749 rs78418891 1.046e-08 3.323e-06
16 90050201 rs4328441 9.644e-05 0.000276
16 90050261 rs4238832 4.854e-06 1.618e-05
16 90050689 rs4238833 1.45e-06 3.656e-06
16 90051269 rs76839250 1.397e-08 5.458e-06
16 90051337 rs112460025 5.449e-13 2.596e-13
16 90051438 rs4785760 2.073e-06 3.981e-06
16 90052185 16:90052185:D 5.451e-13 3.242e-13
16 90052934 rs113753049 1.591e-07 3.686e-08
16 90053048 rs9939542 1.781e-08 4.646e-07
16 90053691 rs77606435 1.866e-12 9.381e-13
16 90054313 rs7404886 5.801e-06 7.087e-06
16 90054704 rs11866420 4.192e-07 7.054e-07
16 90054709 rs8063160 1.028e-09 1.68e-10
16 90055664 rs73283845 1.034e-09 1.68e-10
16 90056195 rs113178244 1.019e-09 1.68e-10
16 90056958 rs7189230 3.77e-05 1.988e-05
16 90057662 16:90057662:D 1.108e-09 1.832e-10
16 90058754 rs58827852 1.107e-09 1.832e-10
16 90059336 rs11076649 5.874e-08 9.781e-09
16 90059712 rs112153252 1.123e-09 1.832e-10
16 90060281 rs3803683 6.368e-08 1.058e-08
16 90061266 rs7192770 5.19e-05 2.366e-05
16 90061344 rs7198761 6.364e-06 9.475e-06
16 90062323 16:90062323:D 1.29e-12 3.998e-13
16 90062479 rs35176381 2.317e-08 4.937e-08
16 90062520 rs73283859 3.867e-12 1.306e-12
16 90063461 rs112119225 3.563e-12 1.052e-12
16 90063890 rs62054570 2.161e-09 3.493e-10
16 90064454 rs75319471 3.591e-12 1.052e-12
16 90065033 rs74336735 3.626e-12 1.052e-12
16 90065100 rs76581091 3.667e-12 1.052e-12
16 90065956 rs59038611 3.985e-12 1.052e-12
16 90066260 rs73283867 3.89e-12 1.052e-12
16 90066936 rs4785763 2.362e-08 4.816e-08
16 90067136 rs78800020 3.859e-12 1.052e-12
16 90067184 rs73283869 3.917e-12 1.306e-12
16 90067202 rs73283871 3.805e-12 1.052e-12
16 90067513 rs59574756 3.783e-12 1.052e-12
16 90067941 rs11076650 4.541e-05 1.593e-05
16 90068733 rs77104104 1.362e-05 0.0001333
16 90068980 rs9923604 1.343e-06 4.844e-05
16 90080747 rs112579477 1.079e-05 1.444e-05
16 90087927 rs4427799 2.729e-06 2.431e-05
16 90088437 rs2241039 2.508e-06 2.43e-05
16 90088904 rs2241038 4.447e-06 3.343e-05
16 90089463 rs870856 8.405e-05 0.0004578
16 90090476 rs12926778 7.081e-06 1.146e-05
16 90090548 rs9745940 1.032e-05 1.273e-05
16 90091535 rs28582207 1.059e-06 5.935e-06
16 90091980 rs12918913 2.452e-06 1.361e-05
16 90093581 rs12448105 1.487e-05 1.579e-05
16 90093583 rs12444498 8.36e-06 2.57e-05
16 90093969 rs3743829 4.256e-06 6.517e-06
16 90094195 rs3743827 9.647e-07 7.516e-06
16 90094501 rs4530137 4.234e-06 6.805e-06
16 90095277 rs7191175 4.803e-06 7.543e-06
16 90097979 rs868371 4.157e-06 6.143e-06
16 90098616 rs4627348 1.465e-05 1.983e-05
16 90098828 rs4354938 7.29e-05 0.0003558
16 90099061 rs4324129 1.096e-06 7.449e-06
16 90099571 rs10431948 7.895e-08 3.634e-07
16 90100378 rs12931432 7.034e-08 4.114e-07
16 90100389 rs12932473 6.729e-05 0.0003349
16 90105662 rs7198372 7.505e-05 0.0001331
16 90105740 rs7199280 9.385e-05 0.0001575
16 90105890 16:90105890:D 1.865e-05 8.815e-05
16 90106525 rs4785767 9.431e-08 7.728e-07
16 90107043 rs9922090 4.645e-06 1.165e-05
16 90107097 rs9922171 5.459e-06 6.459e-05
16 90107353 rs9933627 3.247e-09 4.654e-08
16 90126993 rs150196149 1.472e-06 6.543e-06
16 90143567 rs118174802 1.525e-06 4.043e-06
17 1846690 rs76873546 7.961e-05 0.0006647
17 7342682 rs4151122 4.986e-05 0.0003248
17 7438783 17:7438783:D 7.18e-06 0.0002151
17 7439014 rs9892862 2.73e-05 0.000863
17 7440584 rs8073177 6.228e-06 0.0002819
17 7440984 rs9902027 6.224e-06 0.0002819
17 7443808 17:7443808:D 5.219e-06 0.0001565
17 7446081 rs11656013 7.851e-06 0.0001845
17 7447064 rs9900162 9.043e-06 0.0001632
17 7447910 rs11651783 8.219e-06 0.0001321
17 7448003 rs11078694 7.949e-06 8.238e-05
17 7452078 rs77294902 6.745e-06 2.937e-05
17 12679033 rs16946588 6.53e-05 3.149e-05
17 30548146 rs117534648 9.547e-05 0.0003984
17 30925139 rs117544710 1.505e-05 3.039e-06
17 30925388 rs117542626 1.509e-05 3.039e-06
17 30930835 rs117237238 2.532e-05 6.007e-06
17 34972480 rs75992129 5.874e-05 0.0001205
17 35173145 rs80007133 2.294e-05 3.8e-06
17 35173636 rs113780886 2.283e-05 3.8e-06
17 35173732 rs113691581 2.275e-05 3.8e-06
17 35174281 rs113961099 1.818e-05 3.012e-06
17 35174307 rs112097063 1.815e-05 3.012e-06
17 35174372 rs111501900 2.622e-05 4.357e-06
17 35174437 rs113253474 1.813e-05 3.012e-06
17 35175322 rs113333099 1.808e-05 3.012e-06
17 35176533 rs60478785 1.816e-05 3.012e-06
17 35178441 rs77575562 3.242e-05 5.375e-06
17 35179939 17:35179939:I 1.45e-05 2.38e-06
17 35179941 rs187151087 9.962e-06 1.653e-06
17 35182341 rs12947255 5.337e-05 8.819e-06
17 35184628 rs112930850 2.463e-05 4.107e-06
17 35189129 rs111474056 8.888e-06 1.483e-06
17 35198206 rs111371974 1.555e-06 2.474e-07
17 35201367 rs60807431 1.32e-06 2.091e-07
17 35205185 rs139658773 8.753e-07 1.38e-07
17 35206749 rs11870013 4.957e-07 7.953e-08
17 53434305 17:53434305:D 5.104e-05 1.124e-05
17 53434307 17:53434307:D 6.717e-05 1.606e-05
17 53434309 17:53434309:D 5.114e-05 1.124e-05
17 53595596 rs12602169 4.263e-05 7.075e-06
17 53595972 rs12602627 4.263e-05 7.075e-06
17 53597158 rs73990427 4.263e-05 7.075e-06
17 53598187 rs9944440 4.264e-05 7.075e-06
17 53598243 rs139590788 4.268e-05 7.075e-06
17 80588575 rs2306755 1.648e-05 2.721e-06
18 2569348 rs2677896 9.564e-05 1.611e-05
18 2621407 rs7239383 9.826e-05 0.000274
18 8501764 rs56732665 6.051e-05 1.004e-05
18 9994685 rs29027 8.527e-06 0.0002044
18 9996159 rs29023 8.686e-06 0.0002071
18 9999367 rs6506720 8.429e-06 9.664e-05
18 10001153 rs55957973 5.378e-06 0.0001174
18 10009695 rs8088314 1.186e-05 9.265e-05
18 10014713 rs11662794 3.901e-05 0.0003225
18 10018100 18:10018100:I 3.753e-05 0.0005942
18 10019178 rs485428 1.571e-05 0.00033
18 10019234 rs585628 1.567e-05 0.00033
18 10020370 rs678194 2.589e-06 7.617e-05
18 10021733 rs651431 3.48e-06 0.0001095
18 10022465 rs637807 1.082e-05 0.0001205
18 10023675 rs580428 2.782e-05 0.0001737
18 23542980 rs116867408 3.341e-05 5.549e-06
18 33193315 18:33193315:I 5.583e-05 0.0005938
18 36167810 rs12457985 8.186e-05 0.0006773
18 38455409 rs35670258 8.394e-05 7.832e-05
18 38457072 rs35277361 5.709e-05 6.296e-05
18 38457634 rs71351371 5.582e-05 5.734e-05
18 38462503 rs12970442 5.579e-05 5.734e-05
18 38462715 rs956678 5.578e-05 5.734e-05
18 38467578 rs71351372 5.574e-05 5.734e-05
18 38470938 rs28452745 4.189e-05 5.388e-05
18 38471642 rs12953452 4.424e-05 5.388e-05
18 38472419 rs71351384 4.421e-05 5.388e-05
18 38473913 rs12967664 4.416e-05 5.388e-05
18 38476771 rs12962147 4.421e-05 5.388e-05
18 38476835 rs12961218 4.414e-05 5.388e-05
18 38478799 rs71367890 2.52e-05 8.351e-05
18 38481971 rs34092533 3.831e-05 5.591e-05
18 38486700 rs12966993 4.774e-05 6.904e-05
18 38498933 rs34442421 4.775e-05 6.904e-05
18 38499957 rs12957072 5.57e-05 6.63e-05
18 38501174 rs12970568 4.356e-05 6.307e-05
18 38504247 rs35549533 9.3e-05 0.0002273
18 38504473 rs34049089 2.197e-05 6.792e-05
18 38506501 rs12960415 5.809e-05 0.0001504
18 44215377 rs12604426 1.356e-05 9.516e-06
18 44222410 18:44222410:I 2.169e-05 1.013e-05
18 44222589 rs16939868 1.832e-05 1.035e-05
18 53605820 18:53605820:D 7.129e-05 0.0001247
18 71061287 rs8084503 9.867e-05 8.521e-05
18 76807431 rs481918 6.786e-05 2.04e-05
18 76812450 rs4799001 8.991e-05 1.504e-05
18 76819843 rs1787268 2.738e-05 4.517e-06
18 76884266 rs7504390 8.285e-05 1.388e-05
18 76910760 rs4399600 6.078e-05 1.011e-05
18 76916427 rs4471755 6.092e-05 1.011e-05
18 76929857 rs10468812 5.049e-05 8.358e-06
19 12415345 rs11668253 4.915e-05 0.0003788
19 29534477 rs75217629 4.343e-05 7.202e-06
19 29556763 rs17623780 1.265e-05 2.076e-06
19 34742162 rs2115487 7.365e-05 1.233e-05
19 34748412 19:34748412:I 7.712e-05 1.299e-05
19 34754532 rs62122208 7.337e-05 1.23e-05
19 34757224 rs4805079 7.46e-05 1.248e-05
19 34764563 rs10426700 7.453e-05 1.248e-05
19 34769256 rs12975032 8.782e-05 1.46e-05
19 34771465 rs62122212 8.562e-05 1.436e-05
19 34773224 rs7245417 7.219e-05 1.213e-05
19 34783184 rs10401792 5.5e-05 9.073e-06
19 34789302 rs8110966 7.452e-05 1.248e-05
19 34792333 rs8105306 8.312e-05 1.397e-05
19 34847014 rs397072 9.235e-05 1.549e-05
19 34847338 rs385342 9.234e-05 1.549e-05
19 34848251 rs580391 9.235e-05 1.549e-05
19 34848450 rs422732 9.992e-05 1.679e-05
19 51904716 rs34798200 6.268e-05 0.000545
19 56126640 rs145344288 8.181e-05 0.0002261
19 56287773 rs117524739 2.97e-05 0.0002513
19 57833835 rs12609338 3.978e-05 0.000501
19 57835279 rs4801467 3.032e-05 0.0003545
19 57835306 rs4801468 5.41e-05 0.0005156
19 57836423 rs57215402 3.477e-05 0.0003128
19 57837171 rs7252970 3.155e-05 0.0002548
19 57841082 rs8108680 1.968e-05 0.0002011
19 57843046 rs34791758 3.009e-05 0.0004361
19 57844182 rs11880912 4.001e-05 0.0002505
19 57844286 rs11883376 1.853e-05 0.0002688
20 1045623 rs1884510 9.33e-05 0.0005297
20 1090779 rs6039902 7.042e-05 0.0004192
20 1090785 rs6039903 7.04e-05 0.0004192
20 1098825 rs1018408 7.036e-05 0.0004192
20 1125167 rs6077896 8.894e-05 0.0004892
20 16046525 rs775119 6.946e-05 0.0006475
20 17923555 20:17923555:I 9.562e-05 1.609e-05
20 32130651 rs76771178 5.64e-05 2.526e-05
20 32135726 20:32135726:D 3.891e-05 1.695e-05
20 32322964 rs141890296 1.004e-05 6.388e-06
20 32356295 rs56144975 1.629e-05 7.973e-06
20 32358743 rs111930714 2.249e-05 9.929e-06
20 32360111 rs78382342 8.444e-06 3.605e-06
20 32374698 rs34808007 6.124e-05 3.975e-05
20 32397556 rs117119427 2.2e-06 3.48e-07
20 32505658 rs62209647 3.659e-06 6.56e-07
20 32538391 rs62211989 2.102e-06 3.349e-07
20 32665748 rs6059655 1.85e-07 1.951e-07
20 33576989 rs1885120 8.982e-05 3.324e-05
20 33847154 rs2425025 1.31e-06 2.113e-07
20 33889677 rs666006 9.608e-07 1.704e-07
20 33943897 rs62211528 1.095e-06 2.215e-07
20 33988114 rs62210588 7.006e-06 1.678e-06
20 36345518 rs117306666 5.307e-05 8.723e-06
20 36447999 rs143454840 3.881e-05 6.46e-06
20 46668418 rs6122639 2.778e-05 9.689e-05
20 46756347 rs73912045 5.446e-05 0.0002527
20 46854859 rs13037661 3.775e-06 6.182e-07
20 46858034 rs67288769 4e-05 2.195e-05
20 46858203 rs226833 4.687e-05 2.208e-05
20 46858267 rs66724361 3.32e-06 5.344e-07
20 46889730 rs8123021 9.185e-05 1.534e-05
20 46889933 rs8123166 9.507e-05 1.601e-05
20 53060259 rs2426512 8.005e-05 1.346e-05
20 53068466 rs2054433 6.438e-05 1.081e-05
20 53072717 rs2426515 4.052e-05 6.742e-06
20 53077911 rs2426516 5.605e-05 9.306e-06
20 53186417 rs62214427 3.011e-05 4.976e-06
20 53198096 rs6014064 5.546e-05 9.206e-06
20 53198848 rs6014065 5.542e-05 9.206e-06
20 53203426 rs6023383 9.634e-05 1.62e-05
20 53215614 rs73144063 5.458e-05 9.014e-06
20 53215784 rs6023396 6.184e-05 1.04e-05
20 53216159 rs6023397 5.967e-05 9.873e-06
20 53216553 rs6014078 5.967e-05 9.873e-06
20 53217377 rs56138015 5.462e-05 9.014e-06
20 53217803 rs6023398 5.976e-05 9.873e-06
20 53218430 rs73144072 6.611e-05 1.104e-05
20 53218996 rs6023401 5.972e-05 9.873e-06
20 53219731 rs6023403 5.966e-05 9.873e-06
20 53219756 rs7269966 5.973e-05 9.873e-06
20 53219960 rs6023405 5.972e-05 9.873e-06
20 53220238 rs6014080 5.983e-05 9.873e-06
20 53220442 rs58298733 5.981e-05 9.873e-06
20 53220833 rs73144079 6.618e-05 1.104e-05
20 53221292 rs112120744 6.605e-05 1.104e-05
20 53221400 rs113419955 6.606e-05 1.104e-05
20 53221461 rs113923922 6.601e-05 1.104e-05
20 53221485 rs6098103 5.226e-05 8.614e-06
20 53222014 rs6098104 8.359e-05 1.406e-05
20 53222927 rs6098105 6.506e-05 1.09e-05
20 53223037 rs73144086 6.873e-05 1.151e-05
20 53226782 rs55705559 6.872e-05 1.151e-05
20 53226840 rs6098111 6.107e-05 1.023e-05
20 53227251 rs56294816 8.367e-05 1.406e-05
20 53229117 20:53229117:I 6.107e-05 1.023e-05
20 53229811 20:53229811:I 6.104e-05 1.023e-05
20 53230092 rs6091933 6.095e-05 1.023e-05
20 53230120 20:53230120:D 6.087e-05 1.023e-05
20 53230258 rs6098116 6.094e-05 1.023e-05
20 53230657 rs73146053 6.083e-05 1.023e-05
20 53231492 rs6098118 6.092e-05 1.023e-05
20 53231673 rs73146055 6.097e-05 1.023e-05
20 53233520 rs28663252 5.892e-05 9.714e-06
20 53240284 rs6023422 9.018e-05 1.51e-05
20 53243025 20:53243025:D 9.027e-05 1.51e-05
20 53247421 rs6091939 6.815e-05 1.519e-05
20 53251900 rs73146076 6.893e-05 2.538e-05
20 53252402 rs68183459 6.902e-05 2.538e-05
20 53254444 rs56187828 5.761e-05 9.52e-06
21 29064368 rs4113961 9.466e-05 0.0007843
21 29064383 rs4113960 8.673e-05 0.0008114
21 29064422 rs2831094 8.669e-05 0.0008114
21 29064750 rs2831096 8.656e-05 0.0008114
21 29064911 rs2831097 8.646e-05 0.0008114
21 29064988 rs2831098 8.631e-05 0.0008114
21 29065059 rs3902397 8.631e-05 0.0008114
21 36013876 rs2834553 7.362e-05 4.075e-05
21 41688767 rs1882760 8.034e-05 0.0002408
21 41853760 rs10854403 9.181e-05 0.0001011
21 41856790 rs9982310 9.401e-05 2.967e-05
21 42491120 rs2837957 5.277e-05 0.0003788
21 42491221 rs9983022 5.178e-05 0.0004345
